>>(orbitCount):(7)
>>(satCountPerOrbit):(16)
>>(generalOffset):(-2)
>>(specialOffset):(0)
------------------------(satId):(right,left,front,back)---------------------
(101):(215,701,102,116)
(102):(216,702,103,101)
(103):(201,703,104,102)
(104):(202,704,105,103)
(105):(203,705,106,104)
(106):(204,706,107,105)
(107):(205,707,108,106)
(108):(206,708,109,107)
(109):(207,709,110,108)
(110):(208,710,111,109)
(111):(209,711,112,110)
(112):(210,712,113,111)
(113):(211,713,114,112)
(114):(212,714,115,113)
(115):(213,715,116,114)
(116):(214,716,101,115)
(201):(315,103,202,216)
(202):(316,104,203,201)
(203):(301,105,204,202)
(204):(302,106,205,203)
(205):(303,107,206,204)
(206):(304,108,207,205)
(207):(305,109,208,206)
(208):(306,110,209,207)
(209):(307,111,210,208)
(210):(308,112,211,209)
(211):(309,113,212,210)
(212):(310,114,213,211)
(213):(311,115,214,212)
(214):(312,116,215,213)
(215):(313,101,216,214)
(216):(314,102,201,215)
(301):(415,203,302,316)
(302):(416,204,303,301)
(303):(401,205,304,302)
(304):(402,206,305,303)
(305):(403,207,306,304)
(306):(404,208,307,305)
(307):(405,209,308,306)
(308):(406,210,309,307)
(309):(407,211,310,308)
(310):(408,212,311,309)
(311):(409,213,312,310)
(312):(410,214,313,311)
(313):(411,215,314,312)
(314):(412,216,315,313)
(315):(413,201,316,314)
(316):(414,202,301,315)
(401):(515,303,402,416)
(402):(516,304,403,401)
(403):(501,305,404,402)
(404):(502,306,405,403)
(405):(503,307,406,404)
(406):(504,308,407,405)
(407):(505,309,408,406)
(408):(506,310,409,407)
(409):(507,311,410,408)
(410):(508,312,411,409)
(411):(509,313,412,410)
(412):(510,314,413,411)
(413):(511,315,414,412)
(414):(512,316,415,413)
(415):(513,301,416,414)
(416):(514,302,401,415)
(501):(615,403,502,516)
(502):(616,404,503,501)
(503):(601,405,504,502)
(504):(602,406,505,503)
(505):(603,407,506,504)
(506):(604,408,507,505)
(507):(605,409,508,506)
(508):(606,410,509,507)
(509):(607,411,510,508)
(510):(608,412,511,509)
(511):(609,413,512,510)
(512):(610,414,513,511)
(513):(611,415,514,512)
(514):(612,416,515,513)
(515):(613,401,516,514)
(516):(614,402,501,515)
(601):(715,503,602,616)
(602):(716,504,603,601)
(603):(701,505,604,602)
(604):(702,506,605,603)
(605):(703,507,606,604)
(606):(704,508,607,605)
(607):(705,509,608,606)
(608):(706,510,609,607)
(609):(707,511,610,608)
(610):(708,512,611,609)
(611):(709,513,612,610)
(612):(710,514,613,611)
(613):(711,515,614,612)
(614):(712,516,615,613)
(615):(713,501,616,614)
(616):(714,502,601,615)
(701):(101,603,702,716)
(702):(102,604,703,701)
(703):(103,605,704,702)
(704):(104,606,705,703)
(705):(105,607,706,704)
(706):(106,608,707,705)
(707):(107,609,708,706)
(708):(108,610,709,707)
(709):(109,611,710,708)
(710):(110,612,711,709)
(711):(111,613,712,710)
(712):(112,614,713,711)
(713):(113,615,714,712)
(714):(114,616,715,713)
(715):(115,601,716,714)
(716):(116,602,701,715)