                          Satellite_833_101                          
---------------------------------------------------------------------
1 99999U          21305.00000000 -.00000093  00000-0 -36446-4 0 00000
2 99999 029.0155 000.0186 0005106 264.8931 095.0966 14.28719201000010


                          Satellite_833_102                          
---------------------------------------------------------------------
1 99999U          21305.00000000 -.00000126  00000-0 -49102-4 0 00000
2 99999 029.0156 000.0186 0005112 265.0265 105.8723 14.28719226000019


                          Satellite_833_103                          
---------------------------------------------------------------------
1 99999U          21305.00000000 -.00000151  00000-0 -59008-4 0 00004
2 99999 029.0156 000.0186 0005116 265.1709 116.6370 14.28719246000017


                          Satellite_833_104                          
---------------------------------------------------------------------
1 99999U          21305.00000000 -.00000173  00000-0 -67394-4 0 00005
2 99999 029.0156 000.0187 0005118 265.3210 127.3959 14.28719266000013


                          Satellite_833_105                          
---------------------------------------------------------------------
1 99999U          21305.00000000 -.00000194  00000-0 -75820-4 0 00001
2 99999 029.0156 000.0187 0005116 265.4714 138.1545 14.28719289000017


                          Satellite_833_106                          
---------------------------------------------------------------------
1 99999U          21305.00000000 -.00000220  00000-0 -85764-4 0 00009
2 99999 029.0156 000.0187 0005113 265.6168 148.9181 14.28719318000017


                          Satellite_833_107                          
---------------------------------------------------------------------
1 99999U          21305.00000000 -.00000252  00000-0 -98286-4 0 00007
2 99999 029.0155 000.0188 0005107 265.7519 159.6921 14.28719357000015


                          Satellite_833_108                          
---------------------------------------------------------------------
1 99999U          21305.00000000 -.00000292  00000-0 -11382-3 0 00002
2 99999 029.0155 000.0188 0005098 265.8715 170.4816 14.28719407000013


                          Satellite_833_109                          
---------------------------------------------------------------------
1 99999U          21305.00000000 -.00000339  00000-0 -13211-3 0 00007
2 99999 029.0155 000.0188 0005088 265.9706 181.2915 14.28719469000011


                          Satellite_833_110                          
---------------------------------------------------------------------
1 99999U          21305.00000000 -.00000390  00000-0 -15220-3 0 00006
2 99999 029.0155 000.0188 0005076 266.0451 192.1260 14.28719539000019


                          Satellite_833_111                          
---------------------------------------------------------------------
1 99999U          21305.00000000 -.00000442  00000-0 -17258-3 0 00007
2 99999 029.0155 000.0187 0005063 266.0919 202.9883 14.28719615000019


                          Satellite_833_112                          
---------------------------------------------------------------------
1 99999U          21305.00000000 -.00000490  00000-0 -19130-3 0 00001
2 99999 029.0155 000.0187 0005050 266.1091 213.8801 14.28719690000011


                          Satellite_833_113                          
---------------------------------------------------------------------
1 99999U          21305.00000000 -.00000528  00000-0 -20625-3 0 00004
2 99999 029.0155 000.0186 0005037 266.0965 224.8017 14.28719759000011


                          Satellite_833_114                          
---------------------------------------------------------------------
1 99999U          21305.00000000 -.00000552  00000-0 -21529-3 0 00005
2 99999 029.0155 000.0186 0005024 266.0554 235.7519 14.28719815000012


                          Satellite_833_115                          
---------------------------------------------------------------------
1 99999U          21305.00000000 -.00000555  00000-0 -21654-3 0 00007
2 99999 029.0155 000.0186 0005013 265.9884 246.7279 14.28719851000019


                          Satellite_833_116                          
---------------------------------------------------------------------
1 99999U          21305.00000000 -.00000535  00000-0 -20868-3 0 00001
2 99999 029.0155 000.0186 0005003 265.8993 257.7261 14.28719863000014


                          Satellite_833_117                          
---------------------------------------------------------------------
1 99999U          21305.00000000 -.00000490  00000-0 -19117-3 0 00006
2 99999 029.0155 000.0186 0004995 265.7922 268.7423 14.28719847000018


                          Satellite_833_118                          
---------------------------------------------------------------------
1 99999U          21305.00000000 -.00000422  00000-0 -16457-3 0 00005
2 99999 029.0156 000.0186 0004989 265.6715 279.7720 14.28719803000015


                          Satellite_833_119                          
---------------------------------------------------------------------
1 99999U          21305.00000000 -.00000334  00000-0 -13053-3 0 00006
2 99999 029.0156 000.0186 0004984 265.5417 290.8110 14.28719734000018


                          Satellite_833_120                          
---------------------------------------------------------------------
1 99999U          21305.00000000 -.00000235  00000-0 -91641-4 0 00006
2 99999 029.0156 000.0186 0004982 265.4066 301.8552 14.28719644000018


                          Satellite_833_121                          
---------------------------------------------------------------------
1 99999U          21305.00000000 -.00000131  00000-0 -51046-4 0 00006
2 99999 029.0156 000.0187 0004982 265.2697 312.9012 14.28719541000017


                          Satellite_833_122                          
---------------------------------------------------------------------
1 99999U          21305.00000000 -.00000031  00000-0 -12013-4 0 00006
2 99999 029.0156 000.0187 0004984 265.1345 323.9455 14.28719434000012


                          Satellite_833_123                          
---------------------------------------------------------------------
1 99999U          21305.00000000  .00000058  00000-0  22490-4 0 00003
2 99999 029.0156 000.0188 0004988 265.0043 334.9849 14.28719330000015


                          Satellite_833_124                          
---------------------------------------------------------------------
1 99999U          21305.00000000  .00000128  00000-0  50094-4 0 00002
2 99999 029.0155 000.0188 0004994 264.8828 346.0155 14.28719237000019


                          Satellite_833_125                          
---------------------------------------------------------------------
1 99999U          21305.00000000  .00000177  00000-0  69188-4 0 00000
2 99999 029.0155 000.0188 0005002 264.7742 357.0334 14.28719160000010


                          Satellite_833_126                          
---------------------------------------------------------------------
1 99999U          21305.00000000  .00000202  00000-0  79029-4 0 00004
2 99999 029.0155 000.0188 0005012 264.6828 008.0339 14.28719103000010


                          Satellite_833_127                          
---------------------------------------------------------------------
1 99999U          21305.00000000  .00000204  00000-0  79747-4 0 00003
2 99999 029.0155 000.0187 0005023 264.6129 019.0130 14.28719068000016


                          Satellite_833_128                          
---------------------------------------------------------------------
1 99999U          21305.00000000  .00000185  00000-0  72295-4 0 00002
2 99999 029.0155 000.0187 0005036 264.5684 029.9666 14.28719054000014


                          Satellite_833_129                          
---------------------------------------------------------------------
1 99999U          21305.00000000  .00000149  00000-0  58298-4 0 00009
2 99999 029.0155 000.0187 0005049 264.5522 040.8920 14.28719059000019


                          Satellite_833_130                          
---------------------------------------------------------------------
1 99999U          21305.00000000  .00000102  00000-0  39824-4 0 00002
2 99999 029.0155 000.0186 0005062 264.5656 051.7877 14.28719078000014


                          Satellite_833_131                          
---------------------------------------------------------------------
1 99999U          21305.00000000  .00000049  00000-0  19134-4 0 00004
2 99999 029.0155 000.0186 0005075 264.6087 062.6538 14.28719107000015


                          Satellite_833_132                          
---------------------------------------------------------------------
1 99999U          21305.00000000 -.00000004  00000-0 -15796-5 0 00008
2 99999 029.0155 000.0186 0005087 264.6798 073.4918 14.28719140000016


                          Satellite_833_133                          
---------------------------------------------------------------------
1 99999U          21305.00000000 -.00000053  00000-0 -20497-4 0 00005
2 99999 029.0155 000.0186 0005097 264.7760 084.3047 14.28719172000016


                          Satellite_833_201                          
---------------------------------------------------------------------
1 99999U          21305.00000000 -.00000098  00000-0 -38232-4 0 00000
2 99999 029.1005 044.9566 0005120 264.9224 096.5018 14.28715730000013


                          Satellite_833_202                          
---------------------------------------------------------------------
1 99999U          21305.00000000 -.00000129  00000-0 -50445-4 0 00005
2 99999 029.1005 044.9566 0005126 265.0567 107.2765 14.28715754000016


                          Satellite_833_203                          
---------------------------------------------------------------------
1 99999U          21305.00000000 -.00000154  00000-0 -60011-4 0 00003
2 99999 029.1006 044.9566 0005130 265.2014 118.0409 14.28715774000018


                          Satellite_833_204                          
---------------------------------------------------------------------
1 99999U          21305.00000000 -.00000175  00000-0 -68240-4 0 00008
2 99999 029.1006 044.9567 0005131 265.3510 128.8004 14.28715794000014


                          Satellite_833_205                          
---------------------------------------------------------------------
1 99999U          21305.00000000 -.00000197  00000-0 -76716-4 0 00009
2 99999 029.1006 044.9567 0005129 265.5002 139.5602 14.28715817000018


                          Satellite_833_206                          
---------------------------------------------------------------------
1 99999U          21305.00000000 -.00000223  00000-0 -86893-4 0 00006
2 99999 029.1005 044.9567 0005125 265.6438 150.3256 14.28715847000016


                          Satellite_833_207                          
---------------------------------------------------------------------
1 99999U          21305.00000000 -.00000256  00000-0 -99767-4 0 00006
2 99999 029.1005 044.9568 0005119 265.7764 161.1020 14.28715887000016


                          Satellite_833_208                          
---------------------------------------------------------------------
1 99999U          21305.00000000 -.00000296  00000-0 -11569-3 0 00003
2 99999 029.1005 044.9568 0005110 265.8930 171.8945 14.28715939000015


                          Satellite_833_209                          
---------------------------------------------------------------------
1 99999U          21305.00000000 -.00000344  00000-0 -13431-3 0 00007
2 99999 029.1005 044.9568 0005100 265.9886 182.7079 14.28716002000016


                          Satellite_833_210                          
---------------------------------------------------------------------
1 99999U          21305.00000000 -.00000396  00000-0 -15460-3 0 00008
2 99999 029.1005 044.9567 0005088 266.0592 193.5463 14.28716073000011


                          Satellite_833_211                          
---------------------------------------------------------------------
1 99999U          21305.00000000 -.00000448  00000-0 -17495-3 0 00006
2 99999 029.1005 044.9567 0005075 266.1019 204.4126 14.28716149000014


                          Satellite_833_212                          
---------------------------------------------------------------------
1 99999U          21305.00000000 -.00000496  00000-0 -19341-3 0 00001
2 99999 029.1005 044.9567 0005062 266.1151 215.3085 14.28716224000016


                          Satellite_833_213                          
---------------------------------------------------------------------
1 99999U          21305.00000000 -.00000532  00000-0 -20779-3 0 00009
2 99999 029.1005 044.9566 0005049 266.0988 226.2339 14.28716292000015


                          Satellite_833_214                          
---------------------------------------------------------------------
1 99999U          21305.00000000 -.00000553  00000-0 -21600-3 0 00006
2 99999 029.1005 044.9566 0005036 266.0544 237.1873 14.28716346000013


                          Satellite_833_215                          
---------------------------------------------------------------------
1 99999U          21305.00000000 -.00000554  00000-0 -21618-3 0 00006
2 99999 029.1005 044.9566 0005025 265.9847 248.1661 14.28716380000010


                          Satellite_833_216                          
---------------------------------------------------------------------
1 99999U          21305.00000000 -.00000531  00000-0 -20709-3 0 00001
2 99999 029.1005 044.9566 0005016 265.8935 259.1664 14.28716388000010


                          Satellite_833_217                          
---------------------------------------------------------------------
1 99999U          21305.00000000 -.00000482  00000-0 -18833-3 0 00001
2 99999 029.1005 044.9566 0005008 265.7849 270.1840 14.28716369000012


                          Satellite_833_218                          
---------------------------------------------------------------------
1 99999U          21305.00000000 -.00000411  00000-0 -16058-3 0 00000
2 99999 029.1005 044.9566 0005002 265.6636 281.2144 14.28716321000017


                          Satellite_833_219                          
---------------------------------------------------------------------
1 99999U          21305.00000000 -.00000322  00000-0 -12566-3 0 00001
2 99999 029.1005 044.9566 0004998 265.5336 292.2535 14.28716249000011


                          Satellite_833_220                          
---------------------------------------------------------------------
1 99999U          21305.00000000 -.00000221  00000-0 -86249-4 0 00009
2 99999 029.1006 044.9566 0004996 265.3989 303.2974 14.28716156000019


                          Satellite_833_221                          
---------------------------------------------------------------------
1 99999U          21305.00000000 -.00000117  00000-0 -45556-4 0 00009
2 99999 029.1006 044.9567 0004996 265.2629 314.3425 14.28716052000019


                          Satellite_833_222                          
---------------------------------------------------------------------
1 99999U          21305.00000000 -.00000018  00000-0 -68460-5 0 00009
2 99999 029.1005 044.9567 0004998 265.1289 325.3856 14.28715945000011


                          Satellite_833_223                          
---------------------------------------------------------------------
1 99999U          21305.00000000  .00000069  00000-0  26967-4 0 00008
2 99999 029.1005 044.9568 0005003 265.0004 336.4233 14.28715841000011


                          Satellite_833_224                          
---------------------------------------------------------------------
1 99999U          21305.00000000  .00000137  00000-0  53594-4 0 00000
2 99999 029.1005 044.9568 0005009 264.8810 347.4518 14.28715750000016


                          Satellite_833_225                          
---------------------------------------------------------------------
1 99999U          21305.00000000  .00000183  00000-0  71529-4 0 00009
2 99999 029.1005 044.9568 0005017 264.7750 358.4670 14.28715675000014


                          Satellite_833_226                          
---------------------------------------------------------------------
1 99999U          21305.00000000  .00000205  00000-0  80141-4 0 00004
2 99999 029.1005 044.9568 0005027 264.6866 009.4646 14.28715622000010


                          Satellite_833_227                          
---------------------------------------------------------------------
1 99999U          21305.00000000  .00000204  00000-0  79676-4 0 00004
2 99999 029.1005 044.9567 0005038 264.6202 020.4402 14.28715590000012


                          Satellite_833_228                          
---------------------------------------------------------------------
1 99999U          21305.00000000  .00000182  00000-0  71195-4 0 00007
2 99999 029.1005 044.9567 0005051 264.5794 031.3901 14.28715579000014


                          Satellite_833_229                          
---------------------------------------------------------------------
1 99999U          21305.00000000  .00000145  00000-0  56402-4 0 00000
2 99999 029.1005 044.9567 0005064 264.5670 042.3117 14.28715586000010


                          Satellite_833_230                          
---------------------------------------------------------------------
1 99999U          21305.00000000  .00000096  00000-0  37418-4 0 00001
2 99999 029.1005 044.9566 0005077 264.5842 053.2036 14.28715607000019


                          Satellite_833_231                          
---------------------------------------------------------------------
1 99999U          21305.00000000  .00000042  00000-0  16526-4 0 00009
2 99999 029.1005 044.9566 0005090 264.6307 064.0662 14.28715636000018


                          Satellite_833_232                          
---------------------------------------------------------------------
1 99999U          21305.00000000 -.00000011  00000-0 -41062-5 0 00001
2 99999 029.1005 044.9566 0005102 264.7049 074.9012 14.28715670000013


                          Satellite_833_233                          
---------------------------------------------------------------------
1 99999U          21305.00000000 -.00000058  00000-0 -22716-4 0 00006
2 99999 029.1005 044.9566 0005112 264.8035 085.7116 14.28715702000011


                          Satellite_833_301                          
---------------------------------------------------------------------
1 99999U          21305.00000000 -.00000103  00000-0 -40082-4 0 00003
2 99999 029.1365 089.8050 0005127 264.9458 098.0153 14.28714262000010


                          Satellite_833_302                          
---------------------------------------------------------------------
1 99999U          21305.00000000 -.00000133  00000-0 -51850-4 0 00001
2 99999 029.1365 089.8051 0005132 265.0816 108.7886 14.28714285000014


                          Satellite_833_303                          
---------------------------------------------------------------------
1 99999U          21305.00000000 -.00000157  00000-0 -61114-4 0 00001
2 99999 029.1365 089.8051 0005136 265.2269 119.5523 14.28714305000013


                          Satellite_833_304                          
---------------------------------------------------------------------
1 99999U          21305.00000000 -.00000177  00000-0 -69251-4 0 00003
2 99999 029.1365 089.8051 0005136 265.3764 130.3119 14.28714324000017


                          Satellite_833_305                          
---------------------------------------------------------------------
1 99999U          21305.00000000 -.00000199  00000-0 -77858-4 0 00009
2 99999 029.1365 089.8052 0005135 265.5249 141.0724 14.28714348000014


                          Satellite_833_306                          
---------------------------------------------------------------------
1 99999U          21305.00000000 -.00000226  00000-0 -88345-4 0 00003
2 99999 029.1365 089.8052 0005130 265.6669 151.8394 14.28714379000012


                          Satellite_833_307                          
---------------------------------------------------------------------
1 99999U          21305.00000000 -.00000260  00000-0 -10163-3 0 00003
2 99999 029.1365 089.8052 0005124 265.7973 162.6181 14.28714421000016


                          Satellite_833_308                          
---------------------------------------------------------------------
1 99999U          21305.00000000 -.00000302  00000-0 -11797-3 0 00004
2 99999 029.1365 089.8052 0005115 265.9109 173.4135 14.28714475000017


                          Satellite_833_309                          
---------------------------------------------------------------------
1 99999U          21305.00000000 -.00000351  00000-0 -13692-3 0 00004
2 99999 029.1364 089.8052 0005104 266.0030 184.2304 14.28714539000018


                          Satellite_833_310                          
---------------------------------------------------------------------
1 99999U          21305.00000000 -.00000403  00000-0 -15735-3 0 00002
2 99999 029.1364 089.8052 0005092 266.0698 195.0727 14.28714611000014


                          Satellite_833_311                          
---------------------------------------------------------------------
1 99999U          21305.00000000 -.00000455  00000-0 -17760-3 0 00009
2 99999 029.1364 089.8052 0005079 266.1083 205.9432 14.28714688000016


                          Satellite_833_312                          
---------------------------------------------------------------------
1 99999U          21305.00000000 -.00000501  00000-0 -19565-3 0 00006
2 99999 029.1364 089.8051 0005066 266.1173 216.8433 14.28714762000016


                          Satellite_833_313                          
---------------------------------------------------------------------
1 99999U          21305.00000000 -.00000536  00000-0 -20933-3 0 00005
2 99999 029.1364 089.8051 0005053 266.0969 227.7727 14.28714829000015


                          Satellite_833_314                          
---------------------------------------------------------------------
1 99999U          21305.00000000 -.00000555  00000-0 -21654-3 0 00007
2 99999 029.1364 089.8051 0005040 266.0488 238.7298 14.28714880000019


                          Satellite_833_315                          
---------------------------------------------------------------------
1 99999U          21305.00000000 -.00000552  00000-0 -21551-3 0 00000
2 99999 029.1364 089.8050 0005029 265.9760 249.7117 14.28714911000013


                          Satellite_833_316                          
---------------------------------------------------------------------
1 99999U          21305.00000000 -.00000525  00000-0 -20506-3 0 00009
2 99999 029.1365 089.8050 0005020 265.8823 260.7144 14.28714915000011


                          Satellite_833_317                          
---------------------------------------------------------------------
1 99999U          21305.00000000 -.00000474  00000-0 -18496-3 0 00007
2 99999 029.1365 089.8050 0005012 265.7720 271.7338 14.28714892000018


                          Satellite_833_318                          
---------------------------------------------------------------------
1 99999U          21305.00000000 -.00000400  00000-0 -15605-3 0 00005
2 99999 029.1365 089.8050 0005007 265.6495 282.7655 14.28714840000017


                          Satellite_833_319                          
---------------------------------------------------------------------
1 99999U          21305.00000000 -.00000308  00000-0 -12027-3 0 00007
2 99999 029.1365 089.8051 0005003 265.5189 293.8051 14.28714764000011


                          Satellite_833_320                          
---------------------------------------------------------------------
1 99999U          21305.00000000 -.00000206  00000-0 -80433-4 0 00001
2 99999 029.1365 089.8051 0005002 265.3842 304.8490 14.28714670000010


                          Satellite_833_321                          
---------------------------------------------------------------------
1 99999U          21305.00000000 -.00000102  00000-0 -39774-4 0 00008
2 99999 029.1365 089.8052 0005002 265.2486 315.8937 14.28714565000015


                          Satellite_833_322                          
---------------------------------------------------------------------
1 99999U          21305.00000000 -.00000004  00000-0 -15408-5 0 00008
2 99999 029.1365 089.8052 0005005 265.1155 326.9359 14.28714457000011


                          Satellite_833_323                          
---------------------------------------------------------------------
1 99999U          21305.00000000  .00000080  00000-0  31422-4 0 00003
2 99999 029.1365 089.8052 0005009 264.9884 337.9722 14.28714355000014


                          Satellite_833_324                          
---------------------------------------------------------------------
1 99999U          21305.00000000  .00000146  00000-0  56924-4 0 00000
2 99999 029.1365 089.8052 0005016 264.8709 348.9989 14.28714266000015


                          Satellite_833_325                          
---------------------------------------------------------------------
1 99999U          21305.00000000  .00000188  00000-0  73575-4 0 00007
2 99999 029.1364 089.8052 0005024 264.7673 000.0116 14.28714194000010


                          Satellite_833_326                          
---------------------------------------------------------------------
1 99999U          21305.00000000  .00000207  00000-0  80870-4 0 00005
2 99999 029.1364 089.8052 0005034 264.6820 011.0062 14.28714143000010


                          Satellite_833_327                          
---------------------------------------------------------------------
1 99999U          21305.00000000  .00000203  00000-0  79176-4 0 00008
2 99999 029.1364 089.8052 0005046 264.6191 021.9782 14.28714114000011


                          Satellite_833_328                          
---------------------------------------------------------------------
1 99999U          21305.00000000  .00000178  00000-0  69661-4 0 00007
2 99999 029.1364 089.8052 0005058 264.5822 032.9242 14.28714106000018


                          Satellite_833_329                          
---------------------------------------------------------------------
1 99999U          21305.00000000  .00000139  00000-0  54106-4 0 00002
2 99999 029.1364 089.8051 0005071 264.5739 043.8417 14.28714115000014


                          Satellite_833_330                          
---------------------------------------------------------------------
1 99999U          21305.00000000  .00000089  00000-0  34676-4 0 00006
2 99999 029.1364 089.8051 0005085 264.5952 054.7295 14.28714138000016


                          Satellite_833_331                          
---------------------------------------------------------------------
1 99999U          21305.00000000  .00000035  00000-0  13660-4 0 00007
2 99999 029.1364 089.8050 0005097 264.6457 065.5882 14.28714169000015


                          Satellite_833_332                          
---------------------------------------------------------------------
1 99999U          21305.00000000 -.00000017  00000-0 -68063-5 0 00007
2 99999 029.1364 089.8050 0005109 264.7233 076.4197 14.28714202000010


                          Satellite_833_333                          
---------------------------------------------------------------------
1 99999U          21305.00000000 -.00000064  00000-0 -25040-4 0 00006
2 99999 029.1365 089.8050 0005119 264.8247 087.2273 14.28714234000018


                          Satellite_833_401                          
---------------------------------------------------------------------
1 99999U          21305.00000000 -.00000107  00000-0 -41907-4 0 00004
2 99999 029.1025 134.6521 0005122 264.9594 099.5403 14.28715656000013


                          Satellite_833_402                          
---------------------------------------------------------------------
1 99999U          21305.00000000 -.00000136  00000-0 -53277-4 0 00009
2 99999 029.1025 134.6521 0005128 265.0972 110.3116 14.28715678000018


                          Satellite_833_403                          
---------------------------------------------------------------------
1 99999U          21305.00000000 -.00000160  00000-0 -62317-4 0 00001
2 99999 029.1025 134.6522 0005131 265.2437 121.0741 14.28715698000016


                          Satellite_833_404                          
---------------------------------------------------------------------
1 99999U          21305.00000000 -.00000181  00000-0 -70455-4 0 00006
2 99999 029.1025 134.6522 0005131 265.3938 131.8331 14.28715718000010


                          Satellite_833_405                          
---------------------------------------------------------------------
1 99999U          21305.00000000 -.00000203  00000-0 -79281-4 0 00007
2 99999 029.1025 134.6522 0005129 265.5419 142.5940 14.28715743000016


                          Satellite_833_406                          
---------------------------------------------------------------------
1 99999U          21305.00000000 -.00000231  00000-0 -90144-4 0 00009
2 99999 029.1025 134.6523 0005124 265.6830 153.3620 14.28715776000011


                          Satellite_833_407                          
---------------------------------------------------------------------
1 99999U          21305.00000000 -.00000266  00000-0 -10387-3 0 00007
2 99999 029.1025 134.6523 0005117 265.8116 164.1424 14.28715819000012


                          Satellite_833_408                          
---------------------------------------------------------------------
1 99999U          21305.00000000 -.00000309  00000-0 -12063-3 0 00008
2 99999 029.1025 134.6523 0005108 265.9226 174.9404 14.28715874000013


                          Satellite_833_409                          
---------------------------------------------------------------------
1 99999U          21305.00000000 -.00000358  00000-0 -13985-3 0 00006
2 99999 029.1025 134.6523 0005097 266.0116 185.7605 14.28715940000017


                          Satellite_833_410                          
---------------------------------------------------------------------
1 99999U          21305.00000000 -.00000411  00000-0 -16034-3 0 00004
2 99999 029.1024 134.6523 0005085 266.0746 196.6065 14.28716013000015


                          Satellite_833_411                          
---------------------------------------------------------------------
1 99999U          21305.00000000 -.00000462  00000-0 -18037-3 0 00005
2 99999 029.1024 134.6522 0005072 266.1091 207.4810 14.28716089000016


                          Satellite_833_412                          
---------------------------------------------------------------------
1 99999U          21305.00000000 -.00000507  00000-0 -19789-3 0 00000
2 99999 029.1024 134.6522 0005058 266.1139 218.3853 14.28716163000014


                          Satellite_833_413                          
---------------------------------------------------------------------
1 99999U          21305.00000000 -.00000540  00000-0 -21074-3 0 00007
2 99999 029.1024 134.6521 0005046 266.0894 229.3188 14.28716227000011


                          Satellite_833_414                          
---------------------------------------------------------------------
1 99999U          21305.00000000 -.00000556  00000-0 -21685-3 0 00002
2 99999 029.1024 134.6521 0005033 266.0375 240.2797 14.28716276000013


                          Satellite_833_415                          
---------------------------------------------------------------------
1 99999U          21305.00000000 -.00000550  00000-0 -21451-3 0 00007
2 99999 029.1025 134.6521 0005023 265.9614 251.2649 14.28716303000016


                          Satellite_833_416                          
---------------------------------------------------------------------
1 99999U          21305.00000000 -.00000519  00000-0 -20269-3 0 00008
2 99999 029.1025 134.6521 0005013 265.8648 262.2705 14.28716304000017


                          Satellite_833_417                          
---------------------------------------------------------------------
1 99999U          21305.00000000 -.00000464  00000-0 -18126-3 0 00006
2 99999 029.1025 134.6521 0005006 265.7523 273.2922 14.28716276000011


                          Satellite_833_418                          
---------------------------------------------------------------------
1 99999U          21305.00000000 -.00000388  00000-0 -15127-3 0 00009
2 99999 029.1025 134.6521 0005001 265.6281 284.3255 14.28716221000018


                          Satellite_833_419                          
---------------------------------------------------------------------
1 99999U          21305.00000000 -.00000294  00000-0 -11477-3 0 00009
2 99999 029.1025 134.6521 0004997 265.4964 295.3663 14.28716142000014


                          Satellite_833_420                          
---------------------------------------------------------------------
1 99999U          21305.00000000 -.00000191  00000-0 -74653-4 0 00001
2 99999 029.1025 134.6522 0004996 265.3610 306.4108 14.28716046000012


                          Satellite_833_421                          
---------------------------------------------------------------------
1 99999U          21305.00000000 -.00000088  00000-0 -34191-4 0 00009
2 99999 029.1025 134.6522 0004997 265.2252 317.4557 14.28715940000016


                          Satellite_833_422                          
---------------------------------------------------------------------
1 99999U          21305.00000000  .00000009  00000-0  34160-5 0 00007
2 99999 029.1025 134.6523 0005000 265.0925 328.4976 14.28715833000016


                          Satellite_833_423                          
---------------------------------------------------------------------
1 99999U          21305.00000000  .00000091  00000-0  35407-4 0 00002
2 99999 029.1025 134.6523 0005004 264.9662 339.5330 14.28715732000011


                          Satellite_833_424                          
---------------------------------------------------------------------
1 99999U          21305.00000000  .00000153  00000-0  59702-4 0 00005
2 99999 029.1025 134.6523 0005011 264.8501 350.5582 14.28715645000015


                          Satellite_833_425                          
---------------------------------------------------------------------
1 99999U          21305.00000000  .00000192  00000-0  75035-4 0 00005
2 99999 029.1025 134.6523 0005020 264.7486 001.5689 14.28715576000010


                          Satellite_833_426                          
---------------------------------------------------------------------
1 99999U          21305.00000000  .00000208  00000-0  81026-4 0 00000
2 99999 029.1024 134.6523 0005030 264.6660 012.5607 14.28715528000012


                          Satellite_833_427                          
---------------------------------------------------------------------
1 99999U          21305.00000000  .00000200  00000-0  78159-4 0 00005
2 99999 029.1024 134.6522 0005042 264.6065 023.5294 14.28715503000010


                          Satellite_833_428                          
---------------------------------------------------------------------
1 99999U          21305.00000000  .00000173  00000-0  67699-4 0 00001
2 99999 029.1024 134.6522 0005055 264.5735 034.4715 14.28715497000018


                          Satellite_833_429                          
---------------------------------------------------------------------
1 99999U          21305.00000000  .00000132  00000-0  51493-4 0 00001
2 99999 029.1024 134.6522 0005068 264.5694 045.3848 14.28715509000018


                          Satellite_833_430                          
---------------------------------------------------------------------
1 99999U          21305.00000000  .00000081  00000-0  31734-4 0 00000
2 99999 029.1024 134.6521 0005081 264.5950 056.2684 14.28715533000013


                          Satellite_833_431                          
---------------------------------------------------------------------
1 99999U          21305.00000000  .00000027  00000-0  10701-4 0 00001
2 99999 029.1025 134.6521 0005093 264.6495 067.1229 14.28715564000012


                          Satellite_833_432                          
---------------------------------------------------------------------
1 99999U          21305.00000000 -.00000024  00000-0 -95197-5 0 00003
2 99999 029.1025 134.6521 0005105 264.7309 077.9507 14.28715597000015


                          Satellite_833_433                          
---------------------------------------------------------------------
1 99999U          21305.00000000 -.00000070  00000-0 -27336-4 0 00003
2 99999 029.1025 134.6521 0005115 264.8357 088.7550 14.28715629000014


                          Satellite_833_501                          
---------------------------------------------------------------------
1 99999U          21305.00000000 -.00000112  00000-0 -43616-4 0 00009
2 99999 029.0184 179.5867 0005110 264.9650 100.9732 14.28719100000019


                          Satellite_833_502                          
---------------------------------------------------------------------
1 99999U          21305.00000000 -.00000140  00000-0 -54659-4 0 00009
2 99999 029.0184 179.5867 0005115 265.1050 111.7422 14.28719122000011


                          Satellite_833_503                          
---------------------------------------------------------------------
1 99999U          21305.00000000 -.00000163  00000-0 -63557-4 0 00001
2 99999 029.0184 179.5867 0005118 265.2531 122.5031 14.28719141000016


                          Satellite_833_504                          
---------------------------------------------------------------------
1 99999U          21305.00000000 -.00000184  00000-0 -71770-4 0 00000
2 99999 029.0184 179.5868 0005118 265.4040 133.2613 14.28719162000012


                          Satellite_833_505                          
---------------------------------------------------------------------
1 99999U          21305.00000000 -.00000207  00000-0 -80864-4 0 00000
2 99999 029.0184 179.5868 0005115 265.5523 144.0220 14.28719188000018


                          Satellite_833_506                          
---------------------------------------------------------------------
1 99999U          21305.00000000 -.00000236  00000-0 -92120-4 0 00000
2 99999 029.0184 179.5868 0005110 265.6927 154.7906 14.28719222000010


                          Satellite_833_507                          
---------------------------------------------------------------------
1 99999U          21305.00000000 -.00000272  00000-0 -10628-3 0 00002
2 99999 029.0183 179.5869 0005103 265.8200 165.5724 14.28719267000015


                          Satellite_833_508                          
---------------------------------------------------------------------
1 99999U          21305.00000000 -.00000316  00000-0 -12339-3 0 00002
2 99999 029.0183 179.5869 0005093 265.9289 176.3724 14.28719324000015


                          Satellite_833_509                          
---------------------------------------------------------------------
1 99999U          21305.00000000 -.00000366  00000-0 -14282-3 0 00006
2 99999 029.0183 179.5869 0005082 266.0151 187.1953 14.28719390000010


                          Satellite_833_510                          
---------------------------------------------------------------------
1 99999U          21305.00000000 -.00000418  00000-0 -16329-3 0 00008
2 99999 029.0183 179.5868 0005070 266.0748 198.0447 14.28719464000019


                          Satellite_833_511                          
---------------------------------------------------------------------
1 99999U          21305.00000000 -.00000469  00000-0 -18302-3 0 00007
2 99999 029.0183 179.5868 0005057 266.1055 208.9230 14.28719540000012


                          Satellite_833_512                          
---------------------------------------------------------------------
1 99999U          21305.00000000 -.00000512  00000-0 -19995-3 0 00005
2 99999 029.0183 179.5868 0005043 266.1064 219.8311 14.28719613000019


                          Satellite_833_513                          
---------------------------------------------------------------------
1 99999U          21305.00000000 -.00000543  00000-0 -21193-3 0 00002
2 99999 029.0183 179.5867 0005030 266.0780 230.7685 14.28719675000012


                          Satellite_833_514                          
---------------------------------------------------------------------
1 99999U          21305.00000000 -.00000556  00000-0 -21693-3 0 00001
2 99999 029.0183 179.5867 0005018 266.0224 241.7332 14.28719722000015


                          Satellite_833_515                          
---------------------------------------------------------------------
1 99999U          21305.00000000 -.00000547  00000-0 -21333-3 0 00002
2 99999 029.0183 179.5867 0005008 265.9429 252.7218 14.28719745000019


                          Satellite_833_516                          
---------------------------------------------------------------------
1 99999U          21305.00000000 -.00000513  00000-0 -20019-3 0 00005
2 99999 029.0183 179.5867 0004999 265.8435 263.7303 14.28719742000017


                          Satellite_833_517                          
---------------------------------------------------------------------
1 99999U          21305.00000000 -.00000455  00000-0 -17758-3 0 00006
2 99999 029.0183 179.5867 0004992 265.7284 274.7544 14.28719711000016


                          Satellite_833_518                          
---------------------------------------------------------------------
1 99999U          21305.00000000 -.00000376  00000-0 -14665-3 0 00002
2 99999 029.0184 179.5867 0004987 265.6023 285.7897 14.28719652000018


                          Satellite_833_519                          
---------------------------------------------------------------------
1 99999U          21305.00000000 -.00000281  00000-0 -10959-3 0 00009
2 99999 029.0184 179.5867 0004983 265.4691 296.8319 14.28719571000015


                          Satellite_833_520                          
---------------------------------------------------------------------
1 99999U          21305.00000000 -.00000178  00000-0 -69348-4 0 00001
2 99999 029.0184 179.5868 0004982 265.3327 307.8775 14.28719473000010


                          Satellite_833_521                          
---------------------------------------------------------------------
1 99999U          21305.00000000 -.00000075  00000-0 -29202-4 0 00002
2 99999 029.0184 179.5868 0004984 265.1963 318.9230 14.28719367000017


                          Satellite_833_522                          
---------------------------------------------------------------------
1 99999U          21305.00000000  .00000020  00000-0  77030-5 0 00003
2 99999 029.0184 179.5868 0004987 265.0634 329.9650 14.28719260000014


                          Satellite_833_523                          
---------------------------------------------------------------------
1 99999U          21305.00000000  .00000099  00000-0  38698-4 0 00005
2 99999 029.0183 179.5869 0004992 264.9375 341.0001 14.28719161000015


                          Satellite_833_524                          
---------------------------------------------------------------------
1 99999U          21305.00000000  .00000158  00000-0  61811-4 0 00004
2 99999 029.0183 179.5869 0004999 264.8225 352.0243 14.28719076000010


                          Satellite_833_525                          
---------------------------------------------------------------------
1 99999U          21305.00000000  .00000194  00000-0  75896-4 0 00002
2 99999 029.0183 179.5869 0005008 264.7227 003.0332 14.28719010000013


                          Satellite_833_526                          
---------------------------------------------------------------------
1 99999U          21305.00000000  .00000207  00000-0  80690-4 0 00005
2 99999 029.0183 179.5868 0005018 264.6426 014.0226 14.28718965000015


                          Satellite_833_527                          
---------------------------------------------------------------------
1 99999U          21305.00000000  .00000197  00000-0  76783-4 0 00001
2 99999 029.0183 179.5868 0005030 264.5862 024.9881 14.28718942000014


                          Satellite_833_528                          
---------------------------------------------------------------------
1 99999U          21305.00000000  .00000168  00000-0  65521-4 0 00007
2 99999 029.0183 179.5868 0005043 264.5568 035.9267 14.28718939000017


                          Satellite_833_529                          
---------------------------------------------------------------------
1 99999U          21305.00000000  .00000125  00000-0  48800-4 0 00001
2 99999 029.0183 179.5867 0005056 264.5566 046.8360 14.28718952000018


                          Satellite_833_530                          
---------------------------------------------------------------------
1 99999U          21305.00000000  .00000074  00000-0  28827-4 0 00001
2 99999 029.0183 179.5867 0005069 264.5863 057.7154 14.28718977000011


                          Satellite_833_531                          
---------------------------------------------------------------------
1 99999U          21305.00000000  .00000020  00000-0  78609-5 0 00006
2 99999 029.0183 179.5867 0005082 264.6450 068.5659 14.28719009000016


                          Satellite_833_532                          
---------------------------------------------------------------------
1 99999U          21305.00000000 -.00000031  00000-0 -12072-4 0 00001
2 99999 029.0183 179.5867 0005093 264.7302 079.3898 14.28719042000017


                          Satellite_833_533                          
---------------------------------------------------------------------
1 99999U          21305.00000000 -.00000076  00000-0 -29473-4 0 00003
2 99999 029.0183 179.5867 0005102 264.8383 090.1907 14.28719073000014


                          Satellite_833_601                          
---------------------------------------------------------------------
1 99999U          21305.00000000 -.00000116  00000-0 -45155-4 0 00003
2 99999 028.9332 224.6477 0005097 264.9688 102.2631 14.28722580000015


                          Satellite_833_602                          
---------------------------------------------------------------------
1 99999U          21305.00000000 -.00000143  00000-0 -55928-4 0 00002
2 99999 028.9332 224.6478 0005102 265.1109 113.0301 14.28722602000013


                          Satellite_833_603                          
---------------------------------------------------------------------
1 99999U          21305.00000000 -.00000166  00000-0 -64728-4 0 00005
2 99999 028.9332 224.6478 0005104 265.2604 123.7896 14.28722621000014


                          Satellite_833_604                          
---------------------------------------------------------------------
1 99999U          21305.00000000 -.00000187  00000-0 -73039-4 0 00003
2 99999 028.9332 224.6478 0005104 265.4121 134.5469 14.28722643000010


                          Satellite_833_605                          
---------------------------------------------------------------------
1 99999U          21305.00000000 -.00000211  00000-0 -82396-4 0 00007
2 99999 028.9332 224.6479 0005101 265.5606 145.3074 14.28722669000017


                          Satellite_833_606                          
---------------------------------------------------------------------
1 99999U          21305.00000000 -.00000241  00000-0 -94016-4 0 00002
2 99999 028.9332 224.6479 0005096 265.7005 156.0766 14.28722705000013


                          Satellite_833_607                          
---------------------------------------------------------------------
1 99999U          21305.00000000 -.00000278  00000-0 -10855-3 0 00000
2 99999 028.9331 224.6479 0005088 265.8265 166.8596 14.28722752000014


                          Satellite_833_608                          
---------------------------------------------------------------------
1 99999U          21305.00000000 -.00000323  00000-0 -12598-3 0 00007
2 99999 028.9331 224.6479 0005079 265.9335 177.6616 14.28722809000019


                          Satellite_833_609                          
---------------------------------------------------------------------
1 99999U          21305.00000000 -.00000373  00000-0 -14556-3 0 00008
2 99999 028.9331 224.6479 0005067 266.0172 188.4870 14.28722877000014


                          Satellite_833_610                          
---------------------------------------------------------------------
1 99999U          21305.00000000 -.00000425  00000-0 -16597-3 0 00003
2 99999 028.9331 224.6479 0005055 266.0738 199.3394 14.28722951000014


                          Satellite_833_611                          
---------------------------------------------------------------------
1 99999U          21305.00000000 -.00000475  00000-0 -18539-3 0 00006
2 99999 028.9331 224.6478 0005041 266.1012 210.2211 14.28723027000010


                          Satellite_833_612                          
---------------------------------------------------------------------
1 99999U          21305.00000000 -.00000517  00000-0 -20175-3 0 00002
2 99999 028.9331 224.6478 0005028 266.0985 221.1328 14.28723099000012


                          Satellite_833_613                          
---------------------------------------------------------------------
1 99999U          21305.00000000 -.00000546  00000-0 -21290-3 0 00003
2 99999 028.9331 224.6478 0005015 266.0666 232.0738 14.28723159000017


                          Satellite_833_614                          
---------------------------------------------------------------------
1 99999U          21305.00000000 -.00000556  00000-0 -21687-3 0 00004
2 99999 028.9331 224.6477 0005003 266.0076 243.0418 14.28723203000015


                          Satellite_833_615                          
---------------------------------------------------------------------
1 99999U          21305.00000000 -.00000544  00000-0 -21212-3 0 00005
2 99999 028.9331 224.6477 0004993 265.9250 254.0334 14.28723223000015


                          Satellite_833_616                          
---------------------------------------------------------------------
1 99999U          21305.00000000 -.00000507  00000-0 -19783-3 0 00004
2 99999 028.9331 224.6477 0004984 265.8229 265.0446 14.28723217000019


                          Satellite_833_617                          
---------------------------------------------------------------------
1 99999U          21305.00000000 -.00000446  00000-0 -17417-3 0 00008
2 99999 028.9332 224.6477 0004977 265.7057 276.0709 14.28723182000015


                          Satellite_833_618                          
---------------------------------------------------------------------
1 99999U          21305.00000000 -.00000365  00000-0 -14245-3 0 00004
2 99999 028.9332 224.6477 0004972 265.5777 287.1080 14.28723121000015


                          Satellite_833_619                          
---------------------------------------------------------------------
1 99999U          21305.00000000 -.00000269  00000-0 -10495-3 0 00000
2 99999 028.9332 224.6478 0004970 265.4432 298.1517 14.28723037000014


                          Satellite_833_620                          
---------------------------------------------------------------------
1 99999U          21305.00000000 -.00000166  00000-0 -64663-4 0 00003
2 99999 028.9332 224.6478 0004969 265.3057 309.1982 14.28722938000012


                          Satellite_833_621                          
---------------------------------------------------------------------
1 99999U          21305.00000000 -.00000064  00000-0 -24862-4 0 00007
2 99999 028.9332 224.6479 0004970 265.1688 320.2443 14.28722832000012


                          Satellite_833_622                          
---------------------------------------------------------------------
1 99999U          21305.00000000  .00000029  00000-0  11363-4 0 00008
2 99999 028.9332 224.6479 0004973 265.0357 331.2865 14.28722726000019


                          Satellite_833_623                          
---------------------------------------------------------------------
1 99999U          21305.00000000  .00000106  00000-0  41428-4 0 00009
2 99999 028.9331 224.6479 0004979 264.9102 342.3212 14.28722629000011


                          Satellite_833_624                          
---------------------------------------------------------------------
1 99999U          21305.00000000  .00000163  00000-0  63463-4 0 00005
2 99999 028.9331 224.6479 0004986 264.7961 353.3444 14.28722546000017


                          Satellite_833_625                          
---------------------------------------------------------------------
1 99999U          21305.00000000  .00000196  00000-0  76428-4 0 00006
2 99999 028.9331 224.6479 0004995 264.6979 004.3518 14.28722482000019


                          Satellite_833_626                          
---------------------------------------------------------------------
1 99999U          21305.00000000  .00000205  00000-0  80165-4 0 00000
2 99999 028.9331 224.6479 0005006 264.6200 015.3389 14.28722440000012


                          Satellite_833_627                          
---------------------------------------------------------------------
1 99999U          21305.00000000  .00000193  00000-0  75355-4 0 00001
2 99999 028.9331 224.6479 0005018 264.5665 026.3016 14.28722419000014


                          Satellite_833_628                          
---------------------------------------------------------------------
1 99999U          21305.00000000  .00000162  00000-0  63414-4 0 00000
2 99999 028.9331 224.6478 0005031 264.5404 037.2368 14.28722418000019


                          Satellite_833_629                          
---------------------------------------------------------------------
1 99999U          21305.00000000  .00000119  00000-0  46275-4 0 00008
2 99999 028.9331 224.6478 0005044 264.5439 048.1425 14.28722433000013


                          Satellite_833_630                          
---------------------------------------------------------------------
1 99999U          21305.00000000  .00000067  00000-0  26153-4 0 00003
2 99999 028.9331 224.6477 0005057 264.5774 059.0182 14.28722459000017


                          Satellite_833_631                          
---------------------------------------------------------------------
1 99999U          21305.00000000  .00000014  00000-0  52829-5 0 00005
2 99999 028.9331 224.6477 0005070 264.6397 069.8649 14.28722491000017


                          Satellite_833_632                          
---------------------------------------------------------------------
1 99999U          21305.00000000 -.00000037  00000-0 -14368-4 0 00007
2 99999 028.9331 224.6477 0005081 264.7284 080.6854 14.28722523000010


                          Satellite_833_633                          
---------------------------------------------------------------------
1 99999U          21305.00000000 -.00000080  00000-0 -31387-4 0 00005
2 99999 028.9331 224.6477 0005090 264.8396 091.4832 14.28722554000015


                          Satellite_833_701                          
---------------------------------------------------------------------
1 99999U          21305.00000000 -.00000119  00000-0 -46534-4 0 00008
2 99999 028.8970 269.8002 0005092 264.9786 103.4427 14.28724058000019


                          Satellite_833_702                          
---------------------------------------------------------------------
1 99999U          21305.00000000 -.00000146  00000-0 -57050-4 0 00003
2 99999 028.8970 269.8002 0005097 265.1220 114.2083 14.28724079000011


                          Satellite_833_703                          
---------------------------------------------------------------------
1 99999U          21305.00000000 -.00000168  00000-0 -65747-4 0 00009
2 99999 028.8970 269.8002 0005099 265.2724 124.9669 14.28724099000013


                          Satellite_833_704                          
---------------------------------------------------------------------
1 99999U          21305.00000000 -.00000190  00000-0 -74129-4 0 00008
2 99999 028.8970 269.8003 0005098 265.4244 135.7240 14.28724121000013


                          Satellite_833_705                          
---------------------------------------------------------------------
1 99999U          21305.00000000 -.00000215  00000-0 -83708-4 0 00009
2 99999 028.8970 269.8003 0005095 265.5726 146.4849 14.28724148000019


                          Satellite_833_706                          
---------------------------------------------------------------------
1 99999U          21305.00000000 -.00000245  00000-0 -95644-4 0 00004
2 99999 028.8970 269.8004 0005090 265.7115 157.2550 14.28724185000019


                          Satellite_833_707                          
---------------------------------------------------------------------
1 99999U          21305.00000000 -.00000283  00000-0 -11052-3 0 00006
2 99999 028.8970 269.8004 0005082 265.8359 168.0396 14.28724233000013


                          Satellite_833_708                          
---------------------------------------------------------------------
1 99999U          21305.00000000 -.00000329  00000-0 -12821-3 0 00002
2 99999 028.8969 269.8004 0005072 265.9409 178.8437 14.28724292000017


                          Satellite_833_709                          
---------------------------------------------------------------------
1 99999U          21305.00000000 -.00000379  00000-0 -14794-3 0 00008
2 99999 028.8969 269.8004 0005060 266.0219 189.6717 14.28724360000012


                          Satellite_833_710                          
---------------------------------------------------------------------
1 99999U          21305.00000000 -.00000431  00000-0 -16830-3 0 00000
2 99999 028.8969 269.8003 0005048 266.0755 200.5271 14.28724435000013


                          Satellite_833_711                          
---------------------------------------------------------------------
1 99999U          21305.00000000 -.00000480  00000-0 -18746-3 0 00002
2 99999 028.8969 269.8003 0005034 266.0997 211.4120 14.28724510000014


                          Satellite_833_712                          
---------------------------------------------------------------------
1 99999U          21305.00000000 -.00000521  00000-0 -20331-3 0 00001
2 99999 028.8969 269.8002 0005021 266.0937 222.3270 14.28724581000018


                          Satellite_833_713                          
---------------------------------------------------------------------
1 99999U          21305.00000000 -.00000548  00000-0 -21373-3 0 00007
2 99999 028.8969 269.8002 0005008 266.0587 233.2711 14.28724640000011


                          Satellite_833_714                          
---------------------------------------------------------------------
1 99999U          21305.00000000 -.00000556  00000-0 -21678-3 0 00004
2 99999 028.8969 269.8002 0004996 265.9968 244.2420 14.28724681000011


                          Satellite_833_715                          
---------------------------------------------------------------------
1 99999U          21305.00000000 -.00000541  00000-0 -21100-3 0 00008
2 99999 028.8969 269.8002 0004986 265.9117 255.2362 14.28724699000012


                          Satellite_833_716                          
---------------------------------------------------------------------
1 99999U          21305.00000000 -.00000501  00000-0 -19565-3 0 00006
2 99999 028.8970 269.8002 0004977 265.8074 266.2495 14.28724689000013


                          Satellite_833_717                          
---------------------------------------------------------------------
1 99999U          21305.00000000 -.00000438  00000-0 -17106-3 0 00004
2 99999 028.8970 269.8002 0004971 265.6885 277.2775 14.28724652000018


                          Satellite_833_718                          
---------------------------------------------------------------------
1 99999U          21305.00000000 -.00000355  00000-0 -13861-3 0 00006
2 99999 028.8970 269.8002 0004966 265.5593 288.3158 14.28724588000013


                          Satellite_833_719                          
---------------------------------------------------------------------
1 99999U          21305.00000000 -.00000258  00000-0 -10069-3 0 00005
2 99999 028.8970 269.8002 0004963 265.4239 299.3603 14.28724502000019


                          Satellite_833_720                          
---------------------------------------------------------------------
1 99999U          21305.00000000 -.00000155  00000-0 -60352-4 0 00002
2 99999 028.8970 269.8003 0004963 265.2860 310.4073 14.28724402000013


                          Satellite_833_721                          
---------------------------------------------------------------------
1 99999U          21305.00000000 -.00000053  00000-0 -20850-4 0 00008
2 99999 028.8970 269.8003 0004964 265.1490 321.4535 14.28724295000017


                          Satellite_833_722                          
---------------------------------------------------------------------
1 99999U          21305.00000000  .00000038  00000-0  14772-4 0 00005
2 99999 028.8970 269.8003 0004968 265.0162 332.4954 14.28724190000017


                          Satellite_833_723                          
---------------------------------------------------------------------
1 99999U          21305.00000000  .00000113  00000-0  44004-4 0 00000
2 99999 028.8970 269.8004 0004974 264.8914 343.5294 14.28724095000011


                          Satellite_833_724                          
---------------------------------------------------------------------
1 99999U          21305.00000000  .00000167  00000-0  65065-4 0 00009
2 99999 028.8969 269.8004 0004981 264.7787 354.5513 14.28724014000011


                          Satellite_833_725                          
---------------------------------------------------------------------
1 99999U          21305.00000000  .00000197  00000-0  77011-4 0 00006
2 99999 028.8969 269.8004 0004991 264.6823 005.5569 14.28723952000016


                          Satellite_833_726                          
---------------------------------------------------------------------
1 99999U          21305.00000000  .00000204  00000-0  79779-4 0 00008
2 99999 028.8969 269.8003 0005002 264.6067 016.5417 14.28723912000019


                          Satellite_833_727                          
---------------------------------------------------------------------
1 99999U          21305.00000000  .00000190  00000-0  74136-4 0 00004
2 99999 028.8969 269.8003 0005014 264.5559 027.5016 14.28723894000013


                          Satellite_833_728                          
---------------------------------------------------------------------
1 99999U          21305.00000000  .00000158  00000-0  61561-4 0 00006
2 99999 028.8969 269.8003 0005027 264.5330 038.4337 14.28723895000012


                          Satellite_833_729                          
---------------------------------------------------------------------
1 99999U          21305.00000000  .00000113  00000-0  44025-4 0 00003
2 99999 028.8969 269.8002 0005040 264.5398 049.3360 14.28723911000016


                          Satellite_833_730                          
---------------------------------------------------------------------
1 99999U          21305.00000000  .00000061  00000-0  23752-4 0 00009
2 99999 028.8969 269.8002 0005053 264.5766 060.2083 14.28723937000011


                          Satellite_833_731                          
---------------------------------------------------------------------
1 99999U          21305.00000000  .00000008  00000-0  29580-5 0 00006
2 99999 028.8969 269.8002 0005065 264.6421 071.0519 14.28723969000012


                          Satellite_833_732                          
---------------------------------------------------------------------
1 99999U          21305.00000000 -.00000042  00000-0 -16441-4 0 00007
2 99999 028.8969 269.8002 0005076 264.7337 081.8694 14.28724002000013


                          Satellite_833_733                          
---------------------------------------------------------------------
1 99999U          21305.00000000 -.00000085  00000-0 -33114-4 0 00000
2 99999 028.8970 269.8002 0005085 264.8474 092.6648 14.28724032000010


                          Satellite_833_801                          
---------------------------------------------------------------------
1 99999U          21305.00000000 -.00000123  00000-0 -47820-4 0 00002
2 99999 028.9312 314.9541 0005098 264.9984 104.6107 14.28722667000018


                          Satellite_833_802                          
---------------------------------------------------------------------
1 99999U          21305.00000000 -.00000149  00000-0 -58050-4 0 00007
2 99999 028.9312 314.9541 0005103 265.1425 115.3756 14.28722688000010


                          Satellite_833_803                          
---------------------------------------------------------------------
1 99999U          21305.00000000 -.00000171  00000-0 -66607-4 0 00009
2 99999 028.9312 314.9542 0005104 265.2930 126.1341 14.28722708000017


                          Satellite_833_804                          
---------------------------------------------------------------------
1 99999U          21305.00000000 -.00000192  00000-0 -75019-4 0 00009
2 99999 028.9312 314.9542 0005103 265.4445 136.8917 14.28722730000011


                          Satellite_833_805                          
---------------------------------------------------------------------
1 99999U          21305.00000000 -.00000217  00000-0 -84780-4 0 00002
2 99999 028.9312 314.9542 0005100 265.5916 147.6536 14.28722758000019


                          Satellite_833_806                          
---------------------------------------------------------------------
1 99999U          21305.00000000 -.00000249  00000-0 -97002-4 0 00008
2 99999 028.9312 314.9543 0005094 265.7289 158.4253 14.28722796000015


                          Satellite_833_807                          
---------------------------------------------------------------------
1 99999U          21305.00000000 -.00000288  00000-0 -11219-3 0 00006
2 99999 028.9311 314.9543 0005086 265.8512 169.2121 14.28722845000014


                          Satellite_833_808                          
---------------------------------------------------------------------
1 99999U          21305.00000000 -.00000334  00000-0 -13017-3 0 00006
2 99999 028.9311 314.9543 0005076 265.9535 180.0188 14.28722905000010


                          Satellite_833_809                          
---------------------------------------------------------------------
1 99999U          21305.00000000 -.00000385  00000-0 -15007-3 0 00003
2 99999 028.9311 314.9543 0005064 266.0315 190.8498 14.28722975000015


                          Satellite_833_810                          
---------------------------------------------------------------------
1 99999U          21305.00000000 -.00000437  00000-0 -17043-3 0 00003
2 99999 028.9311 314.9542 0005052 266.0819 201.7084 14.28723050000018


                          Satellite_833_811                          
---------------------------------------------------------------------
1 99999U          21305.00000000 -.00000485  00000-0 -18936-3 0 00008
2 99999 028.9311 314.9542 0005038 266.1027 212.5966 14.28723125000016


                          Satellite_833_812                          
---------------------------------------------------------------------
1 99999U          21305.00000000 -.00000525  00000-0 -20477-3 0 00006
2 99999 028.9311 314.9541 0005025 266.0936 223.5149 14.28723195000011


                          Satellite_833_813                          
---------------------------------------------------------------------
1 99999U          21305.00000000 -.00000550  00000-0 -21451-3 0 00007
2 99999 028.9311 314.9541 0005012 266.0555 234.4619 14.28723252000011


                          Satellite_833_814                          
---------------------------------------------------------------------
1 99999U          21305.00000000 -.00000555  00000-0 -21670-3 0 00005
2 99999 028.9311 314.9541 0005001 265.9911 245.4354 14.28723291000014


                          Satellite_833_815                          
---------------------------------------------------------------------
1 99999U          21305.00000000 -.00000538  00000-0 -20991-3 0 00001
2 99999 028.9311 314.9541 0004991 265.9039 256.4317 14.28723306000010


                          Satellite_833_816                          
---------------------------------------------------------------------
1 99999U          21305.00000000 -.00000496  00000-0 -19353-3 0 00004
2 99999 028.9312 314.9541 0004982 265.7981 267.4466 14.28723294000018


                          Satellite_833_817                          
---------------------------------------------------------------------
1 99999U          21305.00000000 -.00000430  00000-0 -16798-3 0 00002
2 99999 028.9312 314.9541 0004976 265.6781 278.4756 14.28723253000017


                          Satellite_833_818                          
---------------------------------------------------------------------
1 99999U          21305.00000000 -.00000345  00000-0 -13477-3 0 00008
2 99999 028.9312 314.9541 0004971 265.5483 289.5145 14.28723186000010


                          Satellite_833_819                          
---------------------------------------------------------------------
1 99999U          21305.00000000 -.00000247  00000-0 -96400-4 0 00007
2 99999 028.9312 314.9541 0004969 265.4128 300.5591 14.28723099000014


                          Satellite_833_820                          
---------------------------------------------------------------------
1 99999U          21305.00000000 -.00000143  00000-0 -55949-4 0 00005
2 99999 028.9312 314.9542 0004969 265.2752 311.6059 14.28722997000014


                          Satellite_833_821                          
---------------------------------------------------------------------
1 99999U          21305.00000000 -.00000043  00000-0 -16683-4 0 00006
2 99999 028.9312 314.9542 0004970 265.1388 322.6514 14.28722890000010


                          Satellite_833_822                          
---------------------------------------------------------------------
1 99999U          21305.00000000  .00000047  00000-0  18393-4 0 00008
2 99999 028.9312 314.9542 0004974 265.0070 333.6923 14.28722786000011


                          Satellite_833_823                          
---------------------------------------------------------------------
1 99999U          21305.00000000  .00000120  00000-0  46836-4 0 00003
2 99999 028.9312 314.9543 0004980 264.8836 344.7249 14.28722691000015


                          Satellite_833_824                          
---------------------------------------------------------------------
1 99999U          21305.00000000  .00000172  00000-0  66952-4 0 00001
2 99999 028.9311 314.9543 0004988 264.7727 355.7451 14.28722612000010


                          Satellite_833_825                          
---------------------------------------------------------------------
1 99999U          21305.00000000  .00000200  00000-0  77889-4 0 00004
2 99999 028.9311 314.9543 0004997 264.6785 006.7484 14.28722553000016


                          Satellite_833_826                          
---------------------------------------------------------------------
1 99999U          21305.00000000  .00000204  00000-0  79678-4 0 00006
2 99999 028.9311 314.9542 0005008 264.6056 017.7305 14.28722516000013


                          Satellite_833_827                          
---------------------------------------------------------------------
1 99999U          21305.00000000  .00000188  00000-0  73176-4 0 00004
2 99999 028.9311 314.9542 0005021 264.5578 028.6875 14.28722500000012


                          Satellite_833_828                          
---------------------------------------------------------------------
1 99999U          21305.00000000  .00000154  00000-0  59929-4 0 00007
2 99999 028.9311 314.9542 0005034 264.5380 039.6164 14.28722502000012


                          Satellite_833_829                          
---------------------------------------------------------------------
1 99999U          21305.00000000  .00000108  00000-0  41952-4 0 00003
2 99999 028.9311 314.9541 0005047 264.5481 050.5155 14.28722520000019


                          Satellite_833_830                          
---------------------------------------------------------------------
1 99999U          21305.00000000  .00000055  00000-0  21487-4 0 00005
2 99999 028.9311 314.9541 0005060 264.5880 061.3847 14.28722547000014


                          Satellite_833_831                          
---------------------------------------------------------------------
1 99999U          21305.00000000  .00000002  00000-0  73547-6 0 00003
2 99999 028.9311 314.9541 0005072 264.6563 072.2254 14.28722580000016


                          Satellite_833_832                          
---------------------------------------------------------------------
1 99999U          21305.00000000 -.00000047  00000-0 -18432-4 0 00004
2 99999 028.9311 314.9541 0005083 264.7503 083.0406 14.28722612000018


                          Satellite_833_833                          
---------------------------------------------------------------------
1 99999U          21305.00000000 -.00000089  00000-0 -34761-4 0 00003
2 99999 028.9312 314.9541 0005092 264.8659 093.8341 14.28722642000012
