                          Satellite_644_101                          
---------------------------------------------------------------------
1 99999U          21305.00000000 -.00000093  00000-0 -36446-4 0 00000
2 99999 029.0155 000.0186 0005106 264.8931 095.0966 14.28719201000010


                          Satellite_644_102                          
---------------------------------------------------------------------
1 99999U          21305.00000000 -.00000118  00000-0 -46231-4 0 00001
2 99999 029.0156 000.0186 0005111 264.9919 103.1796 14.28719220000017


                          Satellite_644_103                          
---------------------------------------------------------------------
1 99999U          21305.00000000 -.00000139  00000-0 -54334-4 0 00007
2 99999 029.0156 000.0186 0005114 265.0977 111.2557 14.28719236000018


                          Satellite_644_104                          
---------------------------------------------------------------------
1 99999U          21305.00000000 -.00000157  00000-0 -61188-4 0 00002
2 99999 029.0156 000.0186 0005117 265.2081 119.3270 14.28719251000017


                          Satellite_644_105                          
---------------------------------------------------------------------
1 99999U          21305.00000000 -.00000173  00000-0 -67394-4 0 00005
2 99999 029.0156 000.0187 0005118 265.3210 127.3959 14.28719266000013


                          Satellite_644_106                          
---------------------------------------------------------------------
1 99999U          21305.00000000 -.00000189  00000-0 -73624-4 0 00005
2 99999 029.0156 000.0187 0005117 265.4340 135.4646 14.28719283000019


                          Satellite_644_107                          
---------------------------------------------------------------------
1 99999U          21305.00000000 -.00000206  00000-0 -80523-4 0 00001
2 99999 029.0156 000.0187 0005115 265.5451 143.5354 14.28719302000019


                          Satellite_644_108                          
---------------------------------------------------------------------
1 99999U          21305.00000000 -.00000227  00000-0 -88624-4 0 00004
2 99999 029.0156 000.0188 0005111 265.6518 151.6105 14.28719327000012


                          Satellite_644_109                          
---------------------------------------------------------------------
1 99999U          21305.00000000 -.00000252  00000-0 -98286-4 0 00007
2 99999 029.0155 000.0188 0005107 265.7519 159.6921 14.28719357000015


                          Satellite_644_110                          
---------------------------------------------------------------------
1 99999U          21305.00000000 -.00000281  00000-0 -10966-3 0 00007
2 99999 029.0155 000.0188 0005101 265.8433 167.7825 14.28719394000019


                          Satellite_644_111                          
---------------------------------------------------------------------
1 99999U          21305.00000000 -.00000314  00000-0 -12267-3 0 00000
2 99999 029.0155 000.0188 0005093 265.9239 175.8837 14.28719437000015


                          Satellite_644_112                          
---------------------------------------------------------------------
1 99999U          21305.00000000 -.00000351  00000-0 -13702-3 0 00006
2 99999 029.0155 000.0188 0005085 265.9917 183.9976 14.28719486000017


                          Satellite_644_113                          
---------------------------------------------------------------------
1 99999U          21305.00000000 -.00000390  00000-0 -15220-3 0 00006
2 99999 029.0155 000.0188 0005076 266.0451 192.1260 14.28719539000019


                          Satellite_644_114                          
---------------------------------------------------------------------
1 99999U          21305.00000000 -.00000429  00000-0 -16756-3 0 00004
2 99999 029.0155 000.0187 0005067 266.0829 200.2700 14.28719595000019


                          Satellite_644_115                          
---------------------------------------------------------------------
1 99999U          21305.00000000 -.00000467  00000-0 -18228-3 0 00002
2 99999 029.0155 000.0187 0005057 266.1042 208.4304 14.28719653000011


                          Satellite_644_116                          
---------------------------------------------------------------------
1 99999U          21305.00000000 -.00000501  00000-0 -19548-3 0 00007
2 99999 029.0155 000.0187 0005047 266.1087 216.6077 14.28719708000018


                          Satellite_644_117                          
---------------------------------------------------------------------
1 99999U          21305.00000000 -.00000528  00000-0 -20625-3 0 00004
2 99999 029.0155 000.0186 0005037 266.0965 224.8017 14.28719759000011


                          Satellite_644_118                          
---------------------------------------------------------------------
1 99999U          21305.00000000 -.00000548  00000-0 -21369-3 0 00002
2 99999 029.0155 000.0186 0005027 266.0682 233.0118 14.28719802000019


                          Satellite_644_119                          
---------------------------------------------------------------------
1 99999U          21305.00000000 -.00000556  00000-0 -21699-3 0 00007
2 99999 029.0155 000.0186 0005019 266.0249 241.2369 14.28719836000015


                          Satellite_644_120                          
---------------------------------------------------------------------
1 99999U          21305.00000000 -.00000552  00000-0 -21547-3 0 00005
2 99999 029.0155 000.0186 0005010 265.9681 249.4755 14.28719857000016


                          Satellite_644_121                          
---------------------------------------------------------------------
1 99999U          21305.00000000 -.00000535  00000-0 -20868-3 0 00001
2 99999 029.0155 000.0186 0005003 265.8993 257.7261 14.28719863000014


                          Satellite_644_122                          
---------------------------------------------------------------------
1 99999U          21305.00000000 -.00000503  00000-0 -19644-3 0 00006
2 99999 029.0155 000.0186 0004997 265.8204 265.9868 14.28719854000014


                          Satellite_644_123                          
---------------------------------------------------------------------
1 99999U          21305.00000000 -.00000458  00000-0 -17893-3 0 00009
2 99999 029.0155 000.0186 0004992 265.7333 274.2557 14.28719829000011


                          Satellite_644_124                          
---------------------------------------------------------------------
1 99999U          21305.00000000 -.00000401  00000-0 -15667-3 0 00004
2 99999 029.0156 000.0186 0004987 265.6398 282.5310 14.28719788000019


                          Satellite_644_125                          
---------------------------------------------------------------------
1 99999U          21305.00000000 -.00000334  00000-0 -13053-3 0 00006
2 99999 029.0156 000.0186 0004984 265.5417 290.8110 14.28719734000018


                          Satellite_644_126                          
---------------------------------------------------------------------
1 99999U          21305.00000000 -.00000260  00000-0 -10165-3 0 00005
2 99999 029.0156 000.0186 0004983 265.4406 299.0938 14.28719668000019


                          Satellite_644_127                          
---------------------------------------------------------------------
1 99999U          21305.00000000 -.00000183  00000-0 -71350-4 0 00003
2 99999 029.0156 000.0187 0004982 265.3381 307.3782 14.28719594000018


                          Satellite_644_128                          
---------------------------------------------------------------------
1 99999U          21305.00000000 -.00000105  00000-0 -41017-4 0 00004
2 99999 029.0156 000.0187 0004983 265.2356 315.6625 14.28719514000010


                          Satellite_644_129                          
---------------------------------------------------------------------
1 99999U          21305.00000000 -.00000031  00000-0 -12013-4 0 00006
2 99999 029.0156 000.0187 0004984 265.1345 323.9455 14.28719434000012


                          Satellite_644_130                          
---------------------------------------------------------------------
1 99999U          21305.00000000  .00000037  00000-0  14431-4 0 00006
2 99999 029.0156 000.0188 0004987 265.0362 332.2257 14.28719355000019


                          Satellite_644_131                          
---------------------------------------------------------------------
1 99999U          21305.00000000  .00000096  00000-0  37274-4 0 00001
2 99999 029.0155 000.0188 0004991 264.9422 340.5016 14.28719282000012


                          Satellite_644_132                          
---------------------------------------------------------------------
1 99999U          21305.00000000  .00000143  00000-0  55710-4 0 00009
2 99999 029.0155 000.0188 0004996 264.8543 348.7714 14.28719216000012


                          Satellite_644_133                          
---------------------------------------------------------------------
1 99999U          21305.00000000  .00000177  00000-0  69188-4 0 00000
2 99999 029.0155 000.0188 0005002 264.7742 357.0334 14.28719160000010


                          Satellite_644_134                          
---------------------------------------------------------------------
1 99999U          21305.00000000  .00000198  00000-0  77444-4 0 00007
2 99999 029.0155 000.0188 0005009 264.7038 005.2857 14.28719115000017


                          Satellite_644_135                          
---------------------------------------------------------------------
1 99999U          21305.00000000  .00000206  00000-0  80487-4 0 00008
2 99999 029.0155 000.0188 0005017 264.6449 013.5264 14.28719083000019


                          Satellite_644_136                          
---------------------------------------------------------------------
1 99999U          21305.00000000  .00000201  00000-0  78596-4 0 00001
2 99999 029.0155 000.0187 0005026 264.5993 021.7539 14.28719063000015


                          Satellite_644_137                          
---------------------------------------------------------------------
1 99999U          21305.00000000  .00000185  00000-0  72295-4 0 00002
2 99999 029.0155 000.0187 0005036 264.5684 029.9666 14.28719054000014


                          Satellite_644_138                          
---------------------------------------------------------------------
1 99999U          21305.00000000  .00000160  00000-0  62303-4 0 00004
2 99999 029.0155 000.0187 0005045 264.5535 038.1634 14.28719057000019


                          Satellite_644_139                          
---------------------------------------------------------------------
1 99999U          21305.00000000  .00000127  00000-0  49481-4 0 00009
2 99999 029.0155 000.0186 0005055 264.5552 046.3436 14.28719067000010


                          Satellite_644_140                          
---------------------------------------------------------------------
1 99999U          21305.00000000  .00000089  00000-0  34770-4 0 00001
2 99999 029.0155 000.0186 0005065 264.5736 054.5070 14.28719085000010


                          Satellite_644_141                          
---------------------------------------------------------------------
1 99999U          21305.00000000  .00000049  00000-0  19134-4 0 00004
2 99999 029.0155 000.0186 0005075 264.6087 062.6538 14.28719107000015


                          Satellite_644_142                          
---------------------------------------------------------------------
1 99999U          21305.00000000  .00000009  00000-0  34925-5 0 00006
2 99999 029.0155 000.0186 0005084 264.6595 070.7848 14.28719132000011


                          Satellite_644_143                          
---------------------------------------------------------------------
1 99999U          21305.00000000 -.00000029  00000-0 -11354-4 0 00000
2 99999 029.0155 000.0186 0005092 264.7250 078.9011 14.28719156000017


                          Satellite_644_144                          
---------------------------------------------------------------------
1 99999U          21305.00000000 -.00000064  00000-0 -24790-4 0 00007
2 99999 029.0155 000.0186 0005099 264.8035 087.0045 14.28719180000011


                          Satellite_644_201                          
---------------------------------------------------------------------
1 99999U          21305.00000000 -.00000098  00000-0 -38273-4 0 00005
2 99999 029.1198 059.9123 0005123 264.9258 096.5490 14.28714942000019


                          Satellite_644_202                          
---------------------------------------------------------------------
1 99999U          21305.00000000 -.00000122  00000-0 -47704-4 0 00002
2 99999 029.1198 059.9123 0005128 265.0254 104.6313 14.28714960000017


                          Satellite_644_203                          
---------------------------------------------------------------------
1 99999U          21305.00000000 -.00000142  00000-0 -55497-4 0 00002
2 99999 029.1198 059.9123 0005131 265.1314 112.7070 14.28714976000016


                          Satellite_644_204                          
---------------------------------------------------------------------
1 99999U          21305.00000000 -.00000159  00000-0 -62126-4 0 00007
2 99999 029.1198 059.9124 0005133 265.2416 120.7786 14.28714990000012


                          Satellite_644_205                          
---------------------------------------------------------------------
1 99999U          21305.00000000 -.00000175  00000-0 -68218-4 0 00003
2 99999 029.1198 059.9124 0005134 265.3540 128.8480 14.28715005000010


                          Satellite_644_206                          
---------------------------------------------------------------------
1 99999U          21305.00000000 -.00000191  00000-0 -74458-4 0 00004
2 99999 029.1198 059.9124 0005133 265.4661 136.9177 14.28715022000016


                          Satellite_644_207                          
---------------------------------------------------------------------
1 99999U          21305.00000000 -.00000209  00000-0 -81481-4 0 00008
2 99999 029.1198 059.9124 0005131 265.5758 144.9898 14.28715042000013


                          Satellite_644_208                          
---------------------------------------------------------------------
1 99999U          21305.00000000 -.00000230  00000-0 -89799-4 0 00002
2 99999 029.1198 059.9125 0005127 265.6807 153.0666 14.28715067000016


                          Satellite_644_209                          
---------------------------------------------------------------------
1 99999U          21305.00000000 -.00000256  00000-0 -99738-4 0 00004
2 99999 029.1198 059.9125 0005122 265.7788 161.1503 14.28715099000015


                          Satellite_644_210                          
---------------------------------------------------------------------
1 99999U          21305.00000000 -.00000285  00000-0 -11141-3 0 00007
2 99999 029.1198 059.9125 0005116 265.8678 169.2430 14.28715137000018


                          Satellite_644_211                          
---------------------------------------------------------------------
1 99999U          21305.00000000 -.00000319  00000-0 -12471-3 0 00002
2 99999 029.1198 059.9125 0005108 265.9457 177.3469 14.28715181000016


                          Satellite_644_212                          
---------------------------------------------------------------------
1 99999U          21305.00000000 -.00000357  00000-0 -13929-3 0 00003
2 99999 029.1197 059.9125 0005100 266.0106 185.4638 14.28715231000014


                          Satellite_644_213                          
---------------------------------------------------------------------
1 99999U          21305.00000000 -.00000396  00000-0 -15462-3 0 00000
2 99999 029.1197 059.9125 0005091 266.0610 193.5952 14.28715285000011


                          Satellite_644_214                          
---------------------------------------------------------------------
1 99999U          21305.00000000 -.00000436  00000-0 -16999-3 0 00001
2 99999 029.1197 059.9124 0005081 266.0956 201.7424 14.28715342000012


                          Satellite_644_215                          
---------------------------------------------------------------------
1 99999U          21305.00000000 -.00000473  00000-0 -18459-3 0 00005
2 99999 029.1197 059.9124 0005072 266.1137 209.9060 14.28715399000012


                          Satellite_644_216                          
---------------------------------------------------------------------
1 99999U          21305.00000000 -.00000506  00000-0 -19751-3 0 00008
2 99999 029.1197 059.9124 0005062 266.1152 218.0864 14.28715454000013


                          Satellite_644_217                          
---------------------------------------------------------------------
1 99999U          21305.00000000 -.00000532  00000-0 -20783-3 0 00004
2 99999 029.1197 059.9124 0005052 266.1001 226.2832 14.28715504000017


                          Satellite_644_218                          
---------------------------------------------------------------------
1 99999U          21305.00000000 -.00000550  00000-0 -21466-3 0 00003
2 99999 029.1197 059.9123 0005042 266.0692 234.4959 14.28715546000017


                          Satellite_644_219                          
---------------------------------------------------------------------
1 99999U          21305.00000000 -.00000556  00000-0 -21720-3 0 00002
2 99999 029.1197 059.9123 0005034 266.0237 242.7232 14.28715578000014


                          Satellite_644_220                          
---------------------------------------------------------------------
1 99999U          21305.00000000 -.00000550  00000-0 -21481-3 0 00000
2 99999 029.1197 059.9123 0005026 265.9649 250.9637 14.28715596000010


                          Satellite_644_221                          
---------------------------------------------------------------------
1 99999U          21305.00000000 -.00000530  00000-0 -20705-3 0 00006
2 99999 029.1198 059.9123 0005019 265.8947 259.2158 14.28715600000019


                          Satellite_644_222                          
---------------------------------------------------------------------
1 99999U          21305.00000000 -.00000497  00000-0 -19383-3 0 00008
2 99999 029.1198 059.9123 0005012 265.8147 267.4776 14.28715588000016


                          Satellite_644_223                          
---------------------------------------------------------------------
1 99999U          21305.00000000 -.00000449  00000-0 -17538-3 0 00005
2 99999 029.1198 059.9123 0005007 265.7269 275.7472 14.28715560000019


                          Satellite_644_224                          
---------------------------------------------------------------------
1 99999U          21305.00000000 -.00000390  00000-0 -15229-3 0 00005
2 99999 029.1198 059.9123 0005004 265.6332 284.0228 14.28715516000019


                          Satellite_644_225                          
---------------------------------------------------------------------
1 99999U          21305.00000000 -.00000321  00000-0 -12548-3 0 00000
2 99999 029.1198 059.9123 0005001 265.5351 292.3026 14.28715460000012


                          Satellite_644_226                          
---------------------------------------------------------------------
1 99999U          21305.00000000 -.00000246  00000-0 -96143-4 0 00000
2 99999 029.1198 059.9124 0004999 265.4345 300.5851 14.28715392000012


                          Satellite_644_227                          
---------------------------------------------------------------------
1 99999U          21305.00000000 -.00000168  00000-0 -65623-4 0 00002
2 99999 029.1198 059.9124 0004999 265.3326 308.8688 14.28715316000015


                          Satellite_644_228                          
---------------------------------------------------------------------
1 99999U          21305.00000000 -.00000090  00000-0 -35323-4 0 00000
2 99999 029.1198 059.9124 0005000 265.2310 317.1523 14.28715236000013


                          Satellite_644_229                          
---------------------------------------------------------------------
1 99999U          21305.00000000 -.00000017  00000-0 -65935-5 0 00002
2 99999 029.1198 059.9124 0005001 265.1310 325.4341 14.28715155000013


                          Satellite_644_230                          
---------------------------------------------------------------------
1 99999U          21305.00000000  .00000050  00000-0  19360-4 0 00007
2 99999 029.1198 059.9125 0005004 265.0341 333.7129 14.28715077000019


                          Satellite_644_231                          
---------------------------------------------------------------------
1 99999U          21305.00000000  .00000106  00000-0  41529-4 0 00001
2 99999 029.1198 059.9125 0005009 264.9417 341.9872 14.28715005000013


                          Satellite_644_232                          
---------------------------------------------------------------------
1 99999U          21305.00000000  .00000152  00000-0  59149-4 0 00009
2 99999 029.1198 059.9125 0005014 264.8556 350.2551 14.28714940000016


                          Satellite_644_233                          
---------------------------------------------------------------------
1 99999U          21305.00000000  .00000184  00000-0  71718-4 0 00000
2 99999 029.1198 059.9125 0005020 264.7777 358.5150 14.28714886000012


                          Satellite_644_234                          
---------------------------------------------------------------------
1 99999U          21305.00000000  .00000202  00000-0  79020-4 0 00005
2 99999 029.1197 059.9125 0005027 264.7096 006.7649 14.28714844000011


                          Satellite_644_235                          
---------------------------------------------------------------------
1 99999U          21305.00000000  .00000208  00000-0  81116-4 0 00000
2 99999 029.1197 059.9125 0005036 264.6534 015.0030 14.28714814000011


                          Satellite_644_236                          
---------------------------------------------------------------------
1 99999U          21305.00000000  .00000201  00000-0  78334-4 0 00001
2 99999 029.1197 059.9124 0005044 264.6106 023.2277 14.28714796000017


                          Satellite_644_237                          
---------------------------------------------------------------------
1 99999U          21305.00000000  .00000183  00000-0  71242-4 0 00001
2 99999 029.1197 059.9124 0005054 264.5827 031.4375 14.28714790000011


                          Satellite_644_238                          
---------------------------------------------------------------------
1 99999U          21305.00000000  .00000155  00000-0  60595-4 0 00009
2 99999 029.1197 059.9124 0005064 264.5707 039.6313 14.28714794000015


                          Satellite_644_239                          
---------------------------------------------------------------------
1 99999U          21305.00000000  .00000121  00000-0  47278-4 0 00005
2 99999 029.1197 059.9124 0005074 264.5753 047.8086 14.28714806000019


                          Satellite_644_240                          
---------------------------------------------------------------------
1 99999U          21305.00000000  .00000083  00000-0  32248-4 0 00003
2 99999 029.1197 059.9123 0005083 264.5966 055.9691 14.28714825000017


                          Satellite_644_241                          
---------------------------------------------------------------------
1 99999U          21305.00000000  .00000042  00000-0  16473-4 0 00000
2 99999 029.1197 059.9123 0005093 264.6343 064.1133 14.28714848000016


                          Satellite_644_242                          
---------------------------------------------------------------------
1 99999U          21305.00000000  .00000002  00000-0  86084-6 0 00003
2 99999 029.1197 059.9123 0005102 264.6875 072.2419 14.28714873000012


                          Satellite_644_243                          
---------------------------------------------------------------------
1 99999U          21305.00000000 -.00000035  00000-0 -13810-4 0 00006
2 99999 029.1198 059.9123 0005110 264.7549 080.3563 14.28714898000018


                          Satellite_644_244                          
---------------------------------------------------------------------
1 99999U          21305.00000000 -.00000069  00000-0 -26962-4 0 00005
2 99999 029.1198 059.9123 0005117 264.8350 088.4580 14.28714921000011


                          Satellite_644_301                          
---------------------------------------------------------------------
1 99999U          21305.00000000 -.00000103  00000-0 -40209-4 0 00004
2 99999 029.1212 119.6971 0005124 264.9452 098.1394 14.28714888000018


                          Satellite_644_302                          
---------------------------------------------------------------------
1 99999U          21305.00000000 -.00000126  00000-0 -49293-4 0 00001
2 99999 029.1212 119.6972 0005129 265.0461 106.2203 14.28714905000016


                          Satellite_644_303                          
---------------------------------------------------------------------
1 99999U          21305.00000000 -.00000146  00000-0 -56815-4 0 00001
2 99999 029.1212 119.6972 0005132 265.1531 114.2950 14.28714921000015


                          Satellite_644_304                          
---------------------------------------------------------------------
1 99999U          21305.00000000 -.00000162  00000-0 -63287-4 0 00000
2 99999 029.1212 119.6972 0005134 265.2640 122.3660 14.28714935000012


                          Satellite_644_305                          
---------------------------------------------------------------------
1 99999U          21305.00000000 -.00000178  00000-0 -69356-4 0 00000
2 99999 029.1212 119.6972 0005134 265.3764 130.4353 14.28714950000016


                          Satellite_644_306                          
---------------------------------------------------------------------
1 99999U          21305.00000000 -.00000194  00000-0 -75703-4 0 00001
2 99999 029.1212 119.6973 0005133 265.4882 138.5053 14.28714968000013


                          Satellite_644_307                          
---------------------------------------------------------------------
1 99999U          21305.00000000 -.00000213  00000-0 -82947-4 0 00001
2 99999 029.1212 119.6973 0005130 265.5972 146.5781 14.28714989000011


                          Satellite_644_308                          
---------------------------------------------------------------------
1 99999U          21305.00000000 -.00000235  00000-0 -91565-4 0 00001
2 99999 029.1212 119.6973 0005126 265.7010 154.6561 14.28715015000018


                          Satellite_644_309                          
---------------------------------------------------------------------
1 99999U          21305.00000000 -.00000261  00000-0 -10184-3 0 00007
2 99999 029.1212 119.6973 0005121 265.7974 162.7414 14.28715048000015


                          Satellite_644_310                          
---------------------------------------------------------------------
1 99999U          21305.00000000 -.00000292  00000-0 -11385-3 0 00005
2 99999 029.1212 119.6973 0005115 265.8844 170.8362 14.28715087000010


                          Satellite_644_311                          
---------------------------------------------------------------------
1 99999U          21305.00000000 -.00000326  00000-0 -12744-3 0 00003
2 99999 029.1212 119.6973 0005107 265.9598 178.9425 14.28715132000018


                          Satellite_644_312                          
---------------------------------------------------------------------
1 99999U          21305.00000000 -.00000364  00000-0 -14221-3 0 00007
2 99999 029.1211 119.6973 0005099 266.0220 187.0622 14.28715183000017


                          Satellite_644_313                          
---------------------------------------------------------------------
1 99999U          21305.00000000 -.00000404  00000-0 -15761-3 0 00002
2 99999 029.1211 119.6973 0005089 266.0693 195.1966 14.28715238000012


                          Satellite_644_314                          
---------------------------------------------------------------------
1 99999U          21305.00000000 -.00000443  00000-0 -17290-3 0 00004
2 99999 029.1211 119.6973 0005080 266.1007 203.3469 14.28715295000016


                          Satellite_644_315                          
---------------------------------------------------------------------
1 99999U          21305.00000000 -.00000480  00000-0 -18724-3 0 00008
2 99999 029.1211 119.6973 0005070 266.1156 211.5139 14.28715352000019


                          Satellite_644_316                          
---------------------------------------------------------------------
1 99999U          21305.00000000 -.00000512  00000-0 -19972-3 0 00000
2 99999 029.1211 119.6972 0005060 266.1138 219.6975 14.28715406000014


                          Satellite_644_317                          
---------------------------------------------------------------------
1 99999U          21305.00000000 -.00000537  00000-0 -20943-3 0 00007
2 99999 029.1211 119.6972 0005050 266.0955 227.8975 14.28715455000014


                          Satellite_644_318                          
---------------------------------------------------------------------
1 99999U          21305.00000000 -.00000552  00000-0 -21547-3 0 00005
2 99999 029.1211 119.6972 0005041 266.0616 236.1132 14.28715495000010


                          Satellite_644_319                          
---------------------------------------------------------------------
1 99999U          21305.00000000 -.00000556  00000-0 -21708-3 0 00008
2 99999 029.1211 119.6971 0005032 266.0134 244.3432 14.28715524000011


                          Satellite_644_320                          
---------------------------------------------------------------------
1 99999U          21305.00000000 -.00000547  00000-0 -21366-3 0 00008
2 99999 029.1211 119.6971 0005024 265.9522 252.5862 14.28715540000017


                          Satellite_644_321                          
---------------------------------------------------------------------
1 99999U          21305.00000000 -.00000525  00000-0 -20482-3 0 00002
2 99999 029.1212 119.6971 0005017 265.8799 260.8403 14.28715541000019


                          Satellite_644_322                          
---------------------------------------------------------------------
1 99999U          21305.00000000 -.00000488  00000-0 -19054-3 0 00003
2 99999 029.1212 119.6971 0005012 265.7983 269.1037 14.28715526000016


                          Satellite_644_323                          
---------------------------------------------------------------------
1 99999U          21305.00000000 -.00000438  00000-0 -17112-3 0 00001
2 99999 029.1212 119.6971 0005007 265.7092 277.3746 14.28715495000014


                          Satellite_644_324                          
---------------------------------------------------------------------
1 99999U          21305.00000000 -.00000377  00000-0 -14721-3 0 00006
2 99999 029.1212 119.6972 0005003 265.6145 285.6512 14.28715448000010


                          Satellite_644_325                          
---------------------------------------------------------------------
1 99999U          21305.00000000 -.00000307  00000-0 -11980-3 0 00003
2 99999 029.1212 119.6972 0005001 265.5158 293.9317 14.28715389000010


                          Satellite_644_326                          
---------------------------------------------------------------------
1 99999U          21305.00000000 -.00000231  00000-0 -90113-4 0 00005
2 99999 029.1212 119.6972 0004999 265.4148 302.2145 14.28715320000011


                          Satellite_644_327                          
---------------------------------------------------------------------
1 99999U          21305.00000000 -.00000152  00000-0 -59522-4 0 00006
2 99999 029.1212 119.6972 0004999 265.3129 310.4983 14.28715243000014


                          Satellite_644_328                          
---------------------------------------------------------------------
1 99999U          21305.00000000 -.00000075  00000-0 -29424-4 0 00008
2 99999 029.1212 119.6973 0005000 265.2115 318.7815 14.28715162000018


                          Satellite_644_329                          
---------------------------------------------------------------------
1 99999U          21305.00000000 -.00000003  00000-0 -11481-5 0 00004
2 99999 029.1212 119.6973 0005002 265.1120 327.0629 14.28715082000012


                          Satellite_644_330                          
---------------------------------------------------------------------
1 99999U          21305.00000000  .00000062  00000-0  24136-4 0 00007
2 99999 029.1212 119.6973 0005005 265.0158 335.3409 14.28715004000017


                          Satellite_644_331                          
---------------------------------------------------------------------
1 99999U          21305.00000000  .00000116  00000-0  45464-4 0 00004
2 99999 029.1212 119.6973 0005010 264.9246 343.6140 14.28714933000013


                          Satellite_644_332                          
---------------------------------------------------------------------
1 99999U          21305.00000000  .00000159  00000-0  62123-4 0 00002
2 99999 029.1212 119.6973 0005015 264.8400 351.8805 14.28714871000019


                          Satellite_644_333                          
---------------------------------------------------------------------
1 99999U          21305.00000000  .00000189  00000-0  73664-4 0 00007
2 99999 029.1212 119.6973 0005022 264.7638 000.1386 14.28714819000019


                          Satellite_644_334                          
---------------------------------------------------------------------
1 99999U          21305.00000000  .00000205  00000-0  79928-4 0 00005
2 99999 029.1211 119.6973 0005029 264.6980 008.3863 14.28714779000019


                          Satellite_644_335                          
---------------------------------------------------------------------
1 99999U          21305.00000000  .00000208  00000-0  81029-4 0 00003
2 99999 029.1211 119.6973 0005037 264.6442 016.6219 14.28714751000018


                          Satellite_644_336                          
---------------------------------------------------------------------
1 99999U          21305.00000000  .00000198  00000-0  77346-4 0 00008
2 99999 029.1211 119.6973 0005046 264.6043 024.8438 14.28714736000012


                          Satellite_644_337                          
---------------------------------------------------------------------
1 99999U          21305.00000000  .00000178  00000-0  69489-4 0 00005
2 99999 029.1211 119.6973 0005056 264.5794 033.0505 14.28714732000018


                          Satellite_644_338                          
---------------------------------------------------------------------
1 99999U          21305.00000000  .00000149  00000-0  58240-4 0 00006
2 99999 029.1211 119.6972 0005066 264.5707 041.2411 14.28714738000015


                          Satellite_644_339                          
---------------------------------------------------------------------
1 99999U          21305.00000000  .00000114  00000-0  44506-4 0 00008
2 99999 029.1211 119.6972 0005076 264.5786 049.4151 14.28714751000019


                          Satellite_644_340                          
---------------------------------------------------------------------
1 99999U          21305.00000000  .00000075  00000-0  29251-4 0 00004
2 99999 029.1211 119.6972 0005085 264.6031 057.5723 14.28714771000010


                          Satellite_644_341                          
---------------------------------------------------------------------
1 99999U          21305.00000000  .00000034  00000-0  13437-4 0 00008
2 99999 029.1211 119.6971 0005095 264.6439 065.7134 14.28714795000015


                          Satellite_644_342                          
---------------------------------------------------------------------
1 99999U          21305.00000000 -.00000005  00000-0 -20497-5 0 00003
2 99999 029.1211 119.6971 0005104 264.7000 073.8391 14.28714820000015


                          Satellite_644_343                          
---------------------------------------------------------------------
1 99999U          21305.00000000 -.00000042  00000-0 -16463-4 0 00001
2 99999 029.1212 119.6971 0005112 264.7701 081.9509 14.28714844000010


                          Satellite_644_344                          
---------------------------------------------------------------------
1 99999U          21305.00000000 -.00000075  00000-0 -29272-4 0 00009
2 99999 029.1212 119.6971 0005119 264.8524 090.0503 14.28714867000011


                          Satellite_644_401                          
---------------------------------------------------------------------
1 99999U          21305.00000000 -.00000108  00000-0 -42029-4 0 00001
2 99999 029.0184 179.5867 0005109 264.9483 099.6262 14.28719096000017


                          Satellite_644_402                          
---------------------------------------------------------------------
1 99999U          21305.00000000 -.00000130  00000-0 -50836-4 0 00001
2 99999 029.0184 179.5867 0005113 265.0512 107.7051 14.28719114000015


                          Satellite_644_403                          
---------------------------------------------------------------------
1 99999U          21305.00000000 -.00000149  00000-0 -58176-4 0 00006
2 99999 029.0184 179.5867 0005116 265.1598 115.7782 14.28719129000019


                          Satellite_644_404                          
---------------------------------------------------------------------
1 99999U          21305.00000000 -.00000165  00000-0 -64588-4 0 00008
2 99999 029.0184 179.5867 0005118 265.2719 123.8480 14.28719144000019


                          Satellite_644_405                          
---------------------------------------------------------------------
1 99999U          21305.00000000 -.00000181  00000-0 -70726-4 0 00007
2 99999 029.0184 179.5868 0005118 265.3851 131.9165 14.28719159000014


                          Satellite_644_406                          
---------------------------------------------------------------------
1 99999U          21305.00000000 -.00000198  00000-0 -77259-4 0 00003
2 99999 029.0184 179.5868 0005116 265.4973 139.9861 14.28719177000019


                          Satellite_644_407                          
---------------------------------------------------------------------
1 99999U          21305.00000000 -.00000217  00000-0 -84778-4 0 00009
2 99999 029.0184 179.5868 0005114 265.6062 148.0590 14.28719199000012


                          Satellite_644_408                          
---------------------------------------------------------------------
1 99999U          21305.00000000 -.00000240  00000-0 -93724-4 0 00006
2 99999 029.0184 179.5869 0005109 265.7095 156.1375 14.28719227000017


                          Satellite_644_409                          
---------------------------------------------------------------------
1 99999U          21305.00000000 -.00000267  00000-0 -10434-3 0 00001
2 99999 029.0183 179.5869 0005104 265.8050 164.2238 14.28719261000019


                          Satellite_644_410                          
---------------------------------------------------------------------
1 99999U          21305.00000000 -.00000299  00000-0 -11665-3 0 00003
2 99999 029.0183 179.5869 0005097 265.8905 172.3200 14.28719301000013


                          Satellite_644_411                          
---------------------------------------------------------------------
1 99999U          21305.00000000 -.00000334  00000-0 -13046-3 0 00008
2 99999 029.0183 179.5869 0005089 265.9641 180.4281 14.28719348000012


                          Satellite_644_412                          
---------------------------------------------------------------------
1 99999U          21305.00000000 -.00000372  00000-0 -14536-3 0 00005
2 99999 029.0183 179.5869 0005081 266.0241 188.5500 14.28719399000011


                          Satellite_644_413                          
---------------------------------------------------------------------
1 99999U          21305.00000000 -.00000412  00000-0 -16073-3 0 00008
2 99999 029.0183 179.5868 0005071 266.0689 196.6870 14.28719455000018


                          Satellite_644_414                          
---------------------------------------------------------------------
1 99999U          21305.00000000 -.00000451  00000-0 -17583-3 0 00008
2 99999 029.0183 179.5868 0005062 266.0975 204.8401 14.28719512000012


                          Satellite_644_415                          
---------------------------------------------------------------------
1 99999U          21305.00000000 -.00000486  00000-0 -18982-3 0 00000
2 99999 029.0183 179.5868 0005052 266.1094 213.0100 14.28719568000013


                          Satellite_644_416                          
---------------------------------------------------------------------
1 99999U          21305.00000000 -.00000517  00000-0 -20177-3 0 00004
2 99999 029.0183 179.5867 0005042 266.1044 221.1967 14.28719621000017


                          Satellite_644_417                          
---------------------------------------------------------------------
1 99999U          21305.00000000 -.00000540  00000-0 -21078-3 0 00001
2 99999 029.0183 179.5867 0005032 266.0831 229.3998 14.28719668000014


                          Satellite_644_418                          
---------------------------------------------------------------------
1 99999U          21305.00000000 -.00000553  00000-0 -21599-3 0 00003
2 99999 029.0183 179.5867 0005023 266.0463 237.6184 14.28719707000018


                          Satellite_644_419                          
---------------------------------------------------------------------
1 99999U          21305.00000000 -.00000555  00000-0 -21665-3 0 00009
2 99999 029.0183 179.5867 0005014 265.9952 245.8513 14.28719733000015


                          Satellite_644_420                          
---------------------------------------------------------------------
1 99999U          21305.00000000 -.00000544  00000-0 -21221-3 0 00005
2 99999 029.0183 179.5867 0005007 265.9315 254.0968 14.28719746000010


                          Satellite_644_421                          
---------------------------------------------------------------------
1 99999U          21305.00000000 -.00000519  00000-0 -20237-3 0 00003
2 99999 029.0183 179.5867 0005000 265.8568 262.3533 14.28719744000010


                          Satellite_644_422                          
---------------------------------------------------------------------
1 99999U          21305.00000000 -.00000479  00000-0 -18712-3 0 00003
2 99999 029.0183 179.5867 0004994 265.7731 270.6188 14.28719726000010


                          Satellite_644_423                          
---------------------------------------------------------------------
1 99999U          21305.00000000 -.00000428  00000-0 -16686-3 0 00005
2 99999 029.0184 179.5867 0004990 265.6822 278.8915 14.28719692000017


                          Satellite_644_424                          
---------------------------------------------------------------------
1 99999U          21305.00000000 -.00000365  00000-0 -14230-3 0 00008
2 99999 029.0184 179.5867 0004986 265.5859 287.1696 14.28719643000016


                          Satellite_644_425                          
---------------------------------------------------------------------
1 99999U          21305.00000000 -.00000293  00000-0 -11446-3 0 00004
2 99999 029.0184 179.5867 0004984 265.4860 295.4514 14.28719582000018


                          Satellite_644_426                          
---------------------------------------------------------------------
1 99999U          21305.00000000 -.00000217  00000-0 -84604-4 0 00007
2 99999 029.0184 179.5867 0004983 265.3840 303.7352 14.28719511000019


                          Satellite_644_427                          
---------------------------------------------------------------------
1 99999U          21305.00000000 -.00000139  00000-0 -54106-4 0 00004
2 99999 029.0184 179.5868 0004983 265.2813 312.0197 14.28719434000013


                          Satellite_644_428                          
---------------------------------------------------------------------
1 99999U          21305.00000000 -.00000062  00000-0 -24351-4 0 00008
2 99999 029.0184 179.5868 0004984 265.1794 320.3035 14.28719353000014


                          Satellite_644_429                          
---------------------------------------------------------------------
1 99999U          21305.00000000  .00000009  00000-0  33644-5 0 00003
2 99999 029.0184 179.5868 0004986 265.0797 328.5851 14.28719273000015


                          Satellite_644_430                          
---------------------------------------------------------------------
1 99999U          21305.00000000  .00000072  00000-0  27909-4 0 00009
2 99999 029.0184 179.5869 0004990 264.9837 336.8630 14.28719197000016


                          Satellite_644_431                          
---------------------------------------------------------------------
1 99999U          21305.00000000  .00000124  00000-0  48369-4 0 00000
2 99999 029.0183 179.5869 0004994 264.8929 345.1357 14.28719128000013


                          Satellite_644_432                          
---------------------------------------------------------------------
1 99999U          21305.00000000  .00000164  00000-0  64080-4 0 00002
2 99999 029.0183 179.5869 0005000 264.8091 353.4013 14.28719067000015


                          Satellite_644_433                          
---------------------------------------------------------------------
1 99999U          21305.00000000  .00000191  00000-0  74646-4 0 00001
2 99999 029.0183 179.5869 0005006 264.7342 001.6581 14.28719017000016


                          Satellite_644_434                          
---------------------------------------------------------------------
1 99999U          21305.00000000  .00000205  00000-0  79961-4 0 00002
2 99999 029.0183 179.5869 0005014 264.6701 009.9041 14.28718980000013


                          Satellite_644_435                          
---------------------------------------------------------------------
1 99999U          21305.00000000  .00000205  00000-0  80186-4 0 00003
2 99999 029.0183 179.5868 0005023 264.6184 018.1376 14.28718954000011


                          Satellite_644_436                          
---------------------------------------------------------------------
1 99999U          21305.00000000  .00000194  00000-0  75743-4 0 00003
2 99999 029.0183 179.5868 0005032 264.5809 026.3570 14.28718941000017


                          Satellite_644_437                          
---------------------------------------------------------------------
1 99999U          21305.00000000  .00000172  00000-0  67270-4 0 00005
2 99999 029.0183 179.5868 0005041 264.5589 034.5609 14.28718939000013


                          Satellite_644_438                          
---------------------------------------------------------------------
1 99999U          21305.00000000  .00000142  00000-0  55574-4 0 00006
2 99999 029.0183 179.5867 0005051 264.5532 042.7485 14.28718946000012


                          Satellite_644_439                          
---------------------------------------------------------------------
1 99999U          21305.00000000  .00000107  00000-0  41569-4 0 00006
2 99999 029.0183 179.5867 0005061 264.5643 050.9193 14.28718961000010


                          Satellite_644_440                          
---------------------------------------------------------------------
1 99999U          21305.00000000  .00000067  00000-0  26216-4 0 00003
2 99999 029.0183 179.5867 0005071 264.5921 059.0733 14.28718981000012


                          Satellite_644_441                          
---------------------------------------------------------------------
1 99999U          21305.00000000  .00000027  00000-0  10463-4 0 00006
2 99999 029.0183 179.5867 0005080 264.6361 067.2111 14.28719005000010


                          Satellite_644_442                          
---------------------------------------------------------------------
1 99999U          21305.00000000 -.00000012  00000-0 -48283-5 0 00004
2 99999 029.0183 179.5867 0005089 264.6953 075.3337 14.28719030000014


                          Satellite_644_443                          
---------------------------------------------------------------------
1 99999U          21305.00000000 -.00000049  00000-0 -18952-4 0 00003
2 99999 029.0183 179.5867 0005097 264.7683 083.4426 14.28719054000019


                          Satellite_644_444                          
---------------------------------------------------------------------
1 99999U          21305.00000000 -.00000081  00000-0 -31424-4 0 00008
2 99999 029.0183 179.5867 0005104 264.8533 091.5394 14.28719077000012


                          Satellite_644_501                          
---------------------------------------------------------------------
1 99999U          21305.00000000 -.00000112  00000-0 -43579-4 0 00007
2 99999 028.9138 239.6921 0005093 264.9484 100.8691 14.28723367000013


                          Satellite_644_502                          
---------------------------------------------------------------------
1 99999U          21305.00000000 -.00000134  00000-0 -52172-4 0 00000
2 99999 028.9138 239.6921 0005098 265.0531 108.9462 14.28723384000017


                          Satellite_644_503                          
---------------------------------------------------------------------
1 99999U          21305.00000000 -.00000152  00000-0 -59386-4 0 00004
2 99999 028.9138 239.6922 0005100 265.1631 117.0179 14.28723399000016


                          Satellite_644_504                          
---------------------------------------------------------------------
1 99999U          21305.00000000 -.00000169  00000-0 -65776-4 0 00002
2 99999 028.9138 239.6922 0005102 265.2763 125.0866 14.28723414000015


                          Satellite_644_505                          
---------------------------------------------------------------------
1 99999U          21305.00000000 -.00000185  00000-0 -71999-4 0 00004
2 99999 028.9138 239.6922 0005101 265.3903 133.1544 14.28723430000012


                          Satellite_644_506                          
---------------------------------------------------------------------
1 99999U          21305.00000000 -.00000202  00000-0 -78709-4 0 00000
2 99999 028.9138 239.6923 0005100 265.5029 141.2236 14.28723449000011


                          Satellite_644_507                          
---------------------------------------------------------------------
1 99999U          21305.00000000 -.00000222  00000-0 -86473-4 0 00009
2 99999 028.9138 239.6923 0005097 265.6117 149.2964 14.28723472000017


                          Satellite_644_508                          
---------------------------------------------------------------------
1 99999U          21305.00000000 -.00000245  00000-0 -95699-4 0 00004
2 99999 028.9138 239.6923 0005092 265.7147 157.3753 14.28723500000014


                          Satellite_644_509                          
---------------------------------------------------------------------
1 99999U          21305.00000000 -.00000273  00000-0 -10659-3 0 00007
2 99999 028.9138 239.6923 0005086 265.8094 165.4623 14.28723535000013


                          Satellite_644_510                          
---------------------------------------------------------------------
1 99999U          21305.00000000 -.00000305  00000-0 -11915-3 0 00009
2 99999 028.9137 239.6923 0005079 265.8938 173.5597 14.28723577000017


                          Satellite_644_511                          
---------------------------------------------------------------------
1 99999U          21305.00000000 -.00000341  00000-0 -13313-3 0 00003
2 99999 028.9137 239.6923 0005072 265.9659 181.6694 14.28723624000012


                          Satellite_644_512                          
---------------------------------------------------------------------
1 99999U          21305.00000000 -.00000379  00000-0 -14809-3 0 00005
2 99999 028.9137 239.6923 0005063 266.0240 189.7931 14.28723676000010


                          Satellite_644_513                          
---------------------------------------------------------------------
1 99999U          21305.00000000 -.00000419  00000-0 -16340-3 0 00002
2 99999 028.9137 239.6923 0005053 266.0666 197.9322 14.28723732000019


                          Satellite_644_514                          
---------------------------------------------------------------------
1 99999U          21305.00000000 -.00000457  00000-0 -17831-3 0 00000
2 99999 028.9137 239.6923 0005043 266.0929 206.0877 14.28723789000019


                          Satellite_644_515                          
---------------------------------------------------------------------
1 99999U          21305.00000000 -.00000492  00000-0 -19196-3 0 00005
2 99999 028.9137 239.6922 0005033 266.1023 214.2601 14.28723845000012


                          Satellite_644_516                          
---------------------------------------------------------------------
1 99999U          21305.00000000 -.00000521  00000-0 -20342-3 0 00003
2 99999 028.9137 239.6922 0005024 266.0948 222.4494 14.28723897000015


                          Satellite_644_517                          
---------------------------------------------------------------------
1 99999U          21305.00000000 -.00000543  00000-0 -21182-3 0 00000
2 99999 028.9137 239.6922 0005014 266.0709 230.6551 14.28723942000015


                          Satellite_644_518                          
---------------------------------------------------------------------
1 99999U          21305.00000000 -.00000554  00000-0 -21631-3 0 00001
2 99999 028.9137 239.6921 0005005 266.0315 238.8762 14.28723979000011


                          Satellite_644_519                          
---------------------------------------------------------------------
1 99999U          21305.00000000 -.00000554  00000-0 -21617-3 0 00005
2 99999 028.9137 239.6921 0004996 265.9780 247.1115 14.28724003000017


                          Satellite_644_520                          
---------------------------------------------------------------------
1 99999U          21305.00000000 -.00000540  00000-0 -21088-3 0 00002
2 99999 028.9137 239.6921 0004989 265.9121 255.3593 14.28724014000011


                          Satellite_644_521                          
---------------------------------------------------------------------
1 99999U          21305.00000000 -.00000513  00000-0 -20019-3 0 00005
2 99999 028.9138 239.6921 0004982 265.8354 263.6178 14.28724009000017


                          Satellite_644_522                          
---------------------------------------------------------------------
1 99999U          21305.00000000 -.00000472  00000-0 -18417-3 0 00008
2 99999 028.9138 239.6921 0004976 265.7498 271.8851 14.28723989000013


                          Satellite_644_523                          
---------------------------------------------------------------------
1 99999U          21305.00000000 -.00000418  00000-0 -16325-3 0 00004
2 99999 028.9138 239.6921 0004972 265.6573 280.1594 14.28723952000019


                          Satellite_644_524                          
---------------------------------------------------------------------
1 99999U          21305.00000000 -.00000354  00000-0 -13818-3 0 00007
2 99999 028.9138 239.6921 0004969 265.5597 288.4389 14.28723902000018


                          Satellite_644_525                          
---------------------------------------------------------------------
1 99999U          21305.00000000 -.00000282  00000-0 -11005-3 0 00003
2 99999 028.9138 239.6922 0004967 265.4586 296.7218 14.28723839000016


                          Satellite_644_526                          
---------------------------------------------------------------------
1 99999U          21305.00000000 -.00000205  00000-0 -80110-4 0 00002
2 99999 028.9138 239.6922 0004966 265.3556 305.0066 14.28723767000016


                          Satellite_644_527                          
---------------------------------------------------------------------
1 99999U          21305.00000000 -.00000127  00000-0 -49747-4 0 00006
2 99999 028.9138 239.6922 0004966 265.2522 313.2919 14.28723689000019


                          Satellite_644_528                          
---------------------------------------------------------------------
1 99999U          21305.00000000 -.00000052  00000-0 -20330-4 0 00000
2 99999 028.9138 239.6923 0004967 265.1498 321.5762 14.28723609000012


                          Satellite_644_529                          
---------------------------------------------------------------------
1 99999U          21305.00000000  .00000018  00000-0  68733-5 0 00000
2 99999 028.9138 239.6923 0004970 265.0498 329.8580 14.28723530000017


                          Satellite_644_530                          
---------------------------------------------------------------------
1 99999U          21305.00000000  .00000079  00000-0  30768-4 0 00003
2 99999 028.9138 239.6923 0004973 264.9538 338.1359 14.28723455000016


                          Satellite_644_531                          
---------------------------------------------------------------------
1 99999U          21305.00000000  .00000129  00000-0  50480-4 0 00002
2 99999 028.9138 239.6923 0004978 264.8633 346.4082 14.28723386000014


                          Satellite_644_532                          
---------------------------------------------------------------------
1 99999U          21305.00000000  .00000168  00000-0  65388-4 0 00008
2 99999 028.9137 239.6923 0004984 264.7802 354.6732 14.28723328000016


                          Satellite_644_533                          
---------------------------------------------------------------------
1 99999U          21305.00000000  .00000193  00000-0  75144-4 0 00007
2 99999 028.9137 239.6923 0004991 264.7064 002.9289 14.28723280000011


                          Satellite_644_534                          
---------------------------------------------------------------------
1 99999U          21305.00000000  .00000204  00000-0  79680-4 0 00009
2 99999 028.9137 239.6923 0004999 264.6437 011.1736 14.28723244000011


                          Satellite_644_535                          
---------------------------------------------------------------------
1 99999U          21305.00000000  .00000203  00000-0  79198-4 0 00002
2 99999 028.9137 239.6923 0005007 264.5938 019.4053 14.28723220000014


                          Satellite_644_536                          
---------------------------------------------------------------------
1 99999U          21305.00000000  .00000190  00000-0  74151-4 0 00001
2 99999 028.9137 239.6923 0005017 264.5584 027.6225 14.28723209000011


                          Satellite_644_537                          
---------------------------------------------------------------------
1 99999U          21305.00000000  .00000167  00000-0  65203-4 0 00003
2 99999 028.9137 239.6922 0005026 264.5388 035.8241 14.28723208000010


                          Satellite_644_538                          
---------------------------------------------------------------------
1 99999U          21305.00000000  .00000136  00000-0  53174-4 0 00003
2 99999 028.9137 239.6922 0005036 264.5357 044.0091 14.28723216000011


                          Satellite_644_539                          
---------------------------------------------------------------------
1 99999U          21305.00000000  .00000100  00000-0  38982-4 0 00004
2 99999 028.9137 239.6922 0005046 264.5495 052.1771 14.28723232000018


                          Satellite_644_540                          
---------------------------------------------------------------------
1 99999U          21305.00000000  .00000060  00000-0  23586-4 0 00003
2 99999 028.9137 239.6921 0005056 264.5801 060.3283 14.28723253000011


                          Satellite_644_541                          
---------------------------------------------------------------------
1 99999U          21305.00000000  .00000020  00000-0  79170-5 0 00000
2 99999 028.9137 239.6921 0005065 264.6268 068.4634 14.28723276000013


                          Satellite_644_542                          
---------------------------------------------------------------------
1 99999U          21305.00000000 -.00000018  00000-0 -71869-5 0 00006
2 99999 028.9137 239.6921 0005074 264.6887 076.5834 14.28723301000011


                          Satellite_644_543                          
---------------------------------------------------------------------
1 99999U          21305.00000000 -.00000054  00000-0 -21054-4 0 00006
2 99999 028.9138 239.6921 0005081 264.7641 084.6898 14.28723325000015


                          Satellite_644_544                          
---------------------------------------------------------------------
1 99999U          21305.00000000 -.00000085  00000-0 -33243-4 0 00003
2 99999 028.9138 239.6921 0005088 264.8514 092.7843 14.28723347000016


                          Satellite_644_601                          
---------------------------------------------------------------------
1 99999U          21305.00000000 -.00000115  00000-0 -44911-4 0 00001
2 99999 028.9124 299.9089 0005094 264.9620 101.9715 14.28723427000011


                          Satellite_644_602                          
---------------------------------------------------------------------
1 99999U          21305.00000000 -.00000137  00000-0 -53287-4 0 00001
2 99999 028.9124 299.9089 0005098 265.0675 110.0477 14.28723444000012


                          Satellite_644_603                          
---------------------------------------------------------------------
1 99999U          21305.00000000 -.00000155  00000-0 -60351-4 0 00001
2 99999 028.9124 299.9089 0005100 265.1781 118.1189 14.28723459000010


                          Satellite_644_604                          
---------------------------------------------------------------------
1 99999U          21305.00000000 -.00000171  00000-0 -66678-4 0 00007
2 99999 028.9124 299.9090 0005101 265.2915 126.1873 14.28723474000019


                          Satellite_644_605                          
---------------------------------------------------------------------
1 99999U          21305.00000000 -.00000187  00000-0 -72928-4 0 00009
2 99999 028.9124 299.9090 0005101 265.4054 134.2551 14.28723490000016


                          Satellite_644_606                          
---------------------------------------------------------------------
1 99999U          21305.00000000 -.00000204  00000-0 -79751-4 0 00000
2 99999 028.9124 299.9090 0005099 265.5177 142.3247 14.28723509000012


                          Satellite_644_607                          
---------------------------------------------------------------------
1 99999U          21305.00000000 -.00000225  00000-0 -87693-4 0 00007
2 99999 028.9124 299.9091 0005096 265.6259 150.3982 14.28723533000014


                          Satellite_644_608                          
---------------------------------------------------------------------
1 99999U          21305.00000000 -.00000249  00000-0 -97138-4 0 00008
2 99999 028.9124 299.9091 0005091 265.7278 158.4781 14.28723563000010


                          Satellite_644_609                          
---------------------------------------------------------------------
1 99999U          21305.00000000 -.00000277  00000-0 -10827-3 0 00008
2 99999 028.9124 299.9091 0005085 265.8213 166.5664 14.28723598000011


                          Satellite_644_610                          
---------------------------------------------------------------------
1 99999U          21305.00000000 -.00000310  00000-0 -12103-3 0 00005
2 99999 028.9123 299.9091 0005078 265.9041 174.6653 14.28723641000019


                          Satellite_644_611                          
---------------------------------------------------------------------
1 99999U          21305.00000000 -.00000346  00000-0 -13518-3 0 00005
2 99999 028.9123 299.9091 0005070 265.9744 182.7768 14.28723689000010


                          Satellite_644_612                          
---------------------------------------------------------------------
1 99999U          21305.00000000 -.00000385  00000-0 -15022-3 0 00000
2 99999 028.9123 299.9091 0005061 266.0305 190.9025 14.28723741000011


                          Satellite_644_613                          
---------------------------------------------------------------------
1 99999U          21305.00000000 -.00000424  00000-0 -16553-3 0 00004
2 99999 028.9123 299.9090 0005052 266.0709 199.0438 14.28723797000017


                          Satellite_644_614                          
---------------------------------------------------------------------
1 99999U          21305.00000000 -.00000462  00000-0 -18032-3 0 00000
2 99999 028.9123 299.9090 0005042 266.0949 207.2016 14.28723854000010


                          Satellite_644_615                          
---------------------------------------------------------------------
1 99999U          21305.00000000 -.00000496  00000-0 -19372-3 0 00005
2 99999 028.9123 299.9090 0005032 266.1020 215.3763 14.28723910000012


                          Satellite_644_616                          
---------------------------------------------------------------------
1 99999U          21305.00000000 -.00000525  00000-0 -20482-3 0 00002
2 99999 028.9123 299.9090 0005022 266.0922 223.5679 14.28723961000014


                          Satellite_644_617                          
---------------------------------------------------------------------
1 99999U          21305.00000000 -.00000545  00000-0 -21273-3 0 00003
2 99999 028.9123 299.9089 0005012 266.0661 231.7758 14.28724006000011


                          Satellite_644_618                          
---------------------------------------------------------------------
1 99999U          21305.00000000 -.00000555  00000-0 -21663-3 0 00007
2 99999 028.9123 299.9089 0005003 266.0247 239.9989 14.28724041000016


                          Satellite_644_619                          
---------------------------------------------------------------------
1 99999U          21305.00000000 -.00000553  00000-0 -21582-3 0 00005
2 99999 028.9123 299.9089 0004995 265.9695 248.2360 14.28724064000011


                          Satellite_644_620                          
---------------------------------------------------------------------
1 99999U          21305.00000000 -.00000538  00000-0 -20980-3 0 00009
2 99999 028.9123 299.9089 0004987 265.9019 256.4853 14.28724072000019


                          Satellite_644_621                          
---------------------------------------------------------------------
1 99999U          21305.00000000 -.00000508  00000-0 -19838-3 0 00006
2 99999 028.9123 299.9089 0004981 265.8239 264.7452 14.28724065000015


                          Satellite_644_622                          
---------------------------------------------------------------------
1 99999U          21305.00000000 -.00000466  00000-0 -18166-3 0 00002
2 99999 028.9124 299.9089 0004976 265.7373 273.0136 14.28724042000015


                          Satellite_644_623                          
---------------------------------------------------------------------
1 99999U          21305.00000000 -.00000410  00000-0 -16012-3 0 00009
2 99999 028.9124 299.9089 0004971 265.6440 281.2887 14.28724004000016


                          Satellite_644_624                          
---------------------------------------------------------------------
1 99999U          21305.00000000 -.00000345  00000-0 -13457-3 0 00006
2 99999 028.9124 299.9089 0004968 265.5457 289.5688 14.28723952000010


                          Satellite_644_625                          
---------------------------------------------------------------------
1 99999U          21305.00000000 -.00000272  00000-0 -10611-3 0 00004
2 99999 028.9124 299.9089 0004966 265.4443 297.8520 14.28723888000017


                          Satellite_644_626                          
---------------------------------------------------------------------
1 99999U          21305.00000000 -.00000195  00000-0 -76040-4 0 00007
2 99999 028.9124 299.9090 0004965 265.3412 306.1370 14.28723815000010


                          Satellite_644_627                          
---------------------------------------------------------------------
1 99999U          21305.00000000 -.00000117  00000-0 -45730-4 0 00003
2 99999 028.9124 299.9090 0004966 265.2378 314.4222 14.28723737000012


                          Satellite_644_628                          
---------------------------------------------------------------------
1 99999U          21305.00000000 -.00000042  00000-0 -16547-4 0 00004
2 99999 028.9124 299.9090 0004967 265.1356 322.7062 14.28723656000012


                          Satellite_644_629                          
---------------------------------------------------------------------
1 99999U          21305.00000000  .00000026  00000-0  10263-4 0 00003
2 99999 028.9124 299.9091 0004970 265.0361 330.9877 14.28723577000019


                          Satellite_644_630                          
---------------------------------------------------------------------
1 99999U          21305.00000000  .00000086  00000-0  33630-4 0 00002
2 99999 028.9124 299.9091 0004974 264.9407 339.2649 14.28723503000010


                          Satellite_644_631                          
---------------------------------------------------------------------
1 99999U          21305.00000000  .00000135  00000-0  52716-4 0 00003
2 99999 028.9124 299.9091 0004979 264.8511 347.5364 14.28723436000011


                          Satellite_644_632                          
---------------------------------------------------------------------
1 99999U          21305.00000000  .00000172  00000-0  66936-4 0 00003
2 99999 028.9123 299.9091 0004985 264.7692 355.8002 14.28723378000012


                          Satellite_644_633                          
---------------------------------------------------------------------
1 99999U          21305.00000000  .00000195  00000-0  75977-4 0 00003
2 99999 028.9123 299.9091 0004992 264.6967 004.0545 14.28723332000019


                          Satellite_644_634                          
---------------------------------------------------------------------
1 99999U          21305.00000000  .00000205  00000-0  79811-4 0 00006
2 99999 028.9123 299.9091 0005000 264.6357 012.2975 14.28723298000012


                          Satellite_644_635                          
---------------------------------------------------------------------
1 99999U          21305.00000000  .00000202  00000-0  78676-4 0 00001
2 99999 028.9123 299.9090 0005008 264.5877 020.5273 14.28723276000014


                          Satellite_644_636                          
---------------------------------------------------------------------
1 99999U          21305.00000000  .00000187  00000-0  73055-4 0 00009
2 99999 028.9123 299.9090 0005018 264.5544 028.7425 14.28723266000014


                          Satellite_644_637                          
---------------------------------------------------------------------
1 99999U          21305.00000000  .00000163  00000-0  63638-4 0 00009
2 99999 028.9123 299.9090 0005027 264.5369 036.9418 14.28723266000012


                          Satellite_644_638                          
---------------------------------------------------------------------
1 99999U          21305.00000000  .00000131  00000-0  51261-4 0 00003
2 99999 028.9123 299.9090 0005037 264.5361 045.1245 14.28723276000016


                          Satellite_644_639                          
---------------------------------------------------------------------
1 99999U          21305.00000000  .00000094  00000-0  36852-4 0 00000
2 99999 028.9123 299.9089 0005047 264.5523 053.2902 14.28723292000013


                          Satellite_644_640                          
---------------------------------------------------------------------
1 99999U          21305.00000000  .00000055  00000-0  21368-4 0 00003
2 99999 028.9123 299.9089 0005057 264.5851 061.4392 14.28723314000017


                          Satellite_644_641                          
---------------------------------------------------------------------
1 99999U          21305.00000000  .00000015  00000-0  57332-5 0 00000
2 99999 028.9123 299.9089 0005066 264.6340 069.5721 14.28723338000012


                          Satellite_644_642                          
---------------------------------------------------------------------
1 99999U          21305.00000000 -.00000024  00000-0 -92341-5 0 00001
2 99999 028.9123 299.9089 0005075 264.6978 077.6902 14.28723363000018


                          Satellite_644_643                          
---------------------------------------------------------------------
1 99999U          21305.00000000 -.00000059  00000-0 -22890-4 0 00000
2 99999 028.9123 299.9089 0005082 264.7750 085.7948 14.28723386000010


                          Satellite_644_644                          
---------------------------------------------------------------------
1 99999U          21305.00000000 -.00000089  00000-0 -34827-4 0 00006
2 99999 028.9124 299.9089 0005089 264.8637 093.8879 14.28723408000011
