                         Satellite_1222_0101                         
---------------------------------------------------------------------
1 99999U          21305.00000000 -.00000093  00000-0 -36446-4 0 00000
2 99999 029.0155 000.0186 0005106 264.8931 095.0966 14.28719201000010


                         Satellite_1222_0102                         
---------------------------------------------------------------------
1 99999U          21305.00000000 -.00000139  00000-0 -54334-4 0 00007
2 99999 029.0156 000.0186 0005114 265.0977 111.2557 14.28719236000018


                         Satellite_1222_0103                         
---------------------------------------------------------------------
1 99999U          21305.00000000 -.00000173  00000-0 -67394-4 0 00005
2 99999 029.0156 000.0187 0005118 265.3210 127.3959 14.28719266000013


                         Satellite_1222_0104                         
---------------------------------------------------------------------
1 99999U          21305.00000000 -.00000206  00000-0 -80523-4 0 00001
2 99999 029.0156 000.0187 0005115 265.5451 143.5354 14.28719302000019


                         Satellite_1222_0105                         
---------------------------------------------------------------------
1 99999U          21305.00000000 -.00000252  00000-0 -98286-4 0 00007
2 99999 029.0155 000.0188 0005107 265.7519 159.6921 14.28719357000015


                         Satellite_1222_0106                         
---------------------------------------------------------------------
1 99999U          21305.00000000 -.00000314  00000-0 -12267-3 0 00000
2 99999 029.0155 000.0188 0005093 265.9239 175.8837 14.28719437000015


                         Satellite_1222_0107                         
---------------------------------------------------------------------
1 99999U          21305.00000000 -.00000390  00000-0 -15220-3 0 00006
2 99999 029.0155 000.0188 0005076 266.0451 192.1260 14.28719539000019


                         Satellite_1222_0108                         
---------------------------------------------------------------------
1 99999U          21305.00000000 -.00000467  00000-0 -18228-3 0 00002
2 99999 029.0155 000.0187 0005057 266.1042 208.4304 14.28719653000011


                         Satellite_1222_0109                         
---------------------------------------------------------------------
1 99999U          21305.00000000 -.00000528  00000-0 -20625-3 0 00004
2 99999 029.0155 000.0186 0005037 266.0965 224.8017 14.28719759000011


                         Satellite_1222_0110                         
---------------------------------------------------------------------
1 99999U          21305.00000000 -.00000556  00000-0 -21699-3 0 00007
2 99999 029.0155 000.0186 0005019 266.0249 241.2369 14.28719836000015


                         Satellite_1222_0111                         
---------------------------------------------------------------------
1 99999U          21305.00000000 -.00000535  00000-0 -20868-3 0 00001
2 99999 029.0155 000.0186 0005003 265.8993 257.7261 14.28719863000014


                         Satellite_1222_0112                         
---------------------------------------------------------------------
1 99999U          21305.00000000 -.00000458  00000-0 -17893-3 0 00009
2 99999 029.0155 000.0186 0004992 265.7333 274.2557 14.28719829000011


                         Satellite_1222_0113                         
---------------------------------------------------------------------
1 99999U          21305.00000000 -.00000334  00000-0 -13053-3 0 00006
2 99999 029.0156 000.0186 0004984 265.5417 290.8110 14.28719734000018


                         Satellite_1222_0114                         
---------------------------------------------------------------------
1 99999U          21305.00000000 -.00000183  00000-0 -71350-4 0 00003
2 99999 029.0156 000.0187 0004982 265.3381 307.3782 14.28719594000018


                         Satellite_1222_0115                         
---------------------------------------------------------------------
1 99999U          21305.00000000 -.00000031  00000-0 -12013-4 0 00006
2 99999 029.0156 000.0187 0004984 265.1345 323.9455 14.28719434000012


                         Satellite_1222_0116                         
---------------------------------------------------------------------
1 99999U          21305.00000000  .00000096  00000-0  37274-4 0 00001
2 99999 029.0155 000.0188 0004991 264.9422 340.5016 14.28719282000012


                         Satellite_1222_0117                         
---------------------------------------------------------------------
1 99999U          21305.00000000  .00000177  00000-0  69188-4 0 00000
2 99999 029.0155 000.0188 0005002 264.7742 357.0334 14.28719160000010


                         Satellite_1222_0118                         
---------------------------------------------------------------------
1 99999U          21305.00000000  .00000206  00000-0  80487-4 0 00008
2 99999 029.0155 000.0188 0005017 264.6449 013.5264 14.28719083000019


                         Satellite_1222_0119                         
---------------------------------------------------------------------
1 99999U          21305.00000000  .00000185  00000-0  72295-4 0 00002
2 99999 029.0155 000.0187 0005036 264.5684 029.9666 14.28719054000014


                         Satellite_1222_0120                         
---------------------------------------------------------------------
1 99999U          21305.00000000  .00000127  00000-0  49481-4 0 00009
2 99999 029.0155 000.0186 0005055 264.5552 046.3436 14.28719067000010


                         Satellite_1222_0121                         
---------------------------------------------------------------------
1 99999U          21305.00000000  .00000049  00000-0  19134-4 0 00004
2 99999 029.0155 000.0186 0005075 264.6087 062.6538 14.28719107000015


                         Satellite_1222_0122                         
---------------------------------------------------------------------
1 99999U          21305.00000000 -.00000029  00000-0 -11354-4 0 00000
2 99999 029.0155 000.0186 0005092 264.7250 078.9011 14.28719156000017


                         Satellite_1222_0201                         
---------------------------------------------------------------------
1 99999U          21305.00000000 -.00000098  00000-0 -38205-4 0 00000
2 99999 029.0756 029.9904 0005116 264.9182 096.4672 14.28716752000012


                         Satellite_1222_0202                         
---------------------------------------------------------------------
1 99999U          21305.00000000 -.00000142  00000-0 -55495-4 0 00000
2 99999 029.0756 029.9905 0005124 265.1242 112.6248 14.28716786000019


                         Satellite_1222_0203                         
---------------------------------------------------------------------
1 99999U          21305.00000000 -.00000175  00000-0 -68281-4 0 00003
2 99999 029.0756 029.9905 0005127 265.3474 128.7652 14.28716816000012


                         Satellite_1222_0204                         
---------------------------------------------------------------------
1 99999U          21305.00000000 -.00000209  00000-0 -81580-4 0 00008
2 99999 029.0756 029.9906 0005124 265.5699 144.9063 14.28716853000018


                         Satellite_1222_0205                         
---------------------------------------------------------------------
1 99999U          21305.00000000 -.00000256  00000-0 -99834-4 0 00001
2 99999 029.0756 029.9906 0005115 265.7737 161.0660 14.28716909000018


                         Satellite_1222_0206                         
---------------------------------------------------------------------
1 99999U          21305.00000000 -.00000320  00000-0 -12476-3 0 00009
2 99999 029.0755 029.9907 0005101 265.9413 177.2620 14.28716991000012


                         Satellite_1222_0207                         
---------------------------------------------------------------------
1 99999U          21305.00000000 -.00000396  00000-0 -15462-3 0 00000
2 99999 029.0755 029.9906 0005084 266.0572 193.5097 14.28717095000014


                         Satellite_1222_0208                         
---------------------------------------------------------------------
1 99999U          21305.00000000 -.00000473  00000-0 -18454-3 0 00000
2 99999 029.0755 029.9906 0005065 266.1104 209.8199 14.28717209000016


                         Satellite_1222_0209                         
---------------------------------------------------------------------
1 99999U          21305.00000000 -.00000532  00000-0 -20776-3 0 00006
2 99999 029.0755 029.9905 0005045 266.0971 226.1968 14.28717314000017


                         Satellite_1222_0210                         
---------------------------------------------------------------------
1 99999U          21305.00000000 -.00000556  00000-0 -21716-3 0 00007
2 99999 029.0755 029.9905 0005027 266.0208 242.6367 14.28717387000016


                         Satellite_1222_0211                         
---------------------------------------------------------------------
1 99999U          21305.00000000 -.00000531  00000-0 -20710-3 0 00003
2 99999 029.0755 029.9904 0005012 265.8916 259.1295 14.28717410000012


                         Satellite_1222_0212                         
---------------------------------------------------------------------
1 99999U          21305.00000000 -.00000450  00000-0 -17555-3 0 00006
2 99999 029.0756 029.9904 0005000 265.7236 275.6612 14.28717370000015


                         Satellite_1222_0213                         
---------------------------------------------------------------------
1 99999U          21305.00000000 -.00000322  00000-0 -12579-3 0 00005
2 99999 029.0756 029.9905 0004994 265.5313 292.2171 14.28717270000015


                         Satellite_1222_0214                         
---------------------------------------------------------------------
1 99999U          21305.00000000 -.00000169  00000-0 -66046-4 0 00003
2 99999 029.0756 029.9905 0004992 265.3281 308.7839 14.28717127000010


                         Satellite_1222_0215                         
---------------------------------------------------------------------
1 99999U          21305.00000000 -.00000018  00000-0 -70741-5 0 00004
2 99999 029.0756 029.9906 0004994 265.1259 325.3499 14.28716967000014


                         Satellite_1222_0216                         
---------------------------------------------------------------------
1 99999U          21305.00000000  .00000105  00000-0  41060-4 0 00000
2 99999 029.0756 029.9906 0005001 264.9359 341.9036 14.28716816000016


                         Satellite_1222_0217                         
---------------------------------------------------------------------
1 99999U          21305.00000000  .00000183  00000-0  71325-4 0 00003
2 99999 029.0755 029.9907 0005013 264.7712 358.4321 14.28716698000018


                         Satellite_1222_0218                         
---------------------------------------------------------------------
1 99999U          21305.00000000  .00000207  00000-0  80846-4 0 00008
2 99999 029.0755 029.9906 0005028 264.6463 014.9207 14.28716625000012


                         Satellite_1222_0219                         
---------------------------------------------------------------------
1 99999U          21305.00000000  .00000182  00000-0  71112-4 0 00006
2 99999 029.0755 029.9906 0005047 264.5752 031.3556 14.28716601000017


                         Satellite_1222_0220                         
---------------------------------------------------------------------
1 99999U          21305.00000000  .00000121  00000-0  47272-4 0 00009
2 99999 029.0755 029.9905 0005066 264.5675 047.7270 14.28716617000012


                         Satellite_1222_0221                         
---------------------------------------------------------------------
1 99999U          21305.00000000  .00000042  00000-0  16549-4 0 00004
2 99999 029.0755 029.9905 0005086 264.6263 064.0319 14.28716658000019


                         Satellite_1222_0222                         
---------------------------------------------------------------------
1 99999U          21305.00000000 -.00000035  00000-0 -13710-4 0 00005
2 99999 029.0755 029.9904 0005103 264.7470 080.2748 14.28716708000011


                         Satellite_1222_0301                         
---------------------------------------------------------------------
1 99999U          21305.00000000 -.00000102  00000-0 -39972-4 0 00008
2 99999 029.1198 059.9123 0005124 264.9419 097.8966 14.28714945000014


                         Satellite_1222_0302                         
---------------------------------------------------------------------
1 99999U          21305.00000000 -.00000145  00000-0 -56667-4 0 00005
2 99999 029.1198 059.9123 0005132 265.1495 114.0525 14.28714978000019


                         Satellite_1222_0303                         
---------------------------------------------------------------------
1 99999U          21305.00000000 -.00000177  00000-0 -69230-4 0 00000
2 99999 029.1198 059.9124 0005134 265.3727 130.1929 14.28715008000014


                         Satellite_1222_0304                         
---------------------------------------------------------------------
1 99999U          21305.00000000 -.00000212  00000-0 -82766-4 0 00009
2 99999 029.1198 059.9124 0005130 265.5936 146.3355 14.28715046000018


                         Satellite_1222_0305                         
---------------------------------------------------------------------
1 99999U          21305.00000000 -.00000260  00000-0 -10156-3 0 00005
2 99999 029.1198 059.9125 0005121 265.7943 162.4984 14.28715105000012


                         Satellite_1222_0306                         
---------------------------------------------------------------------
1 99999U          21305.00000000 -.00000326  00000-0 -12706-3 0 00001
2 99999 029.1198 059.9125 0005107 265.9575 178.6988 14.28715189000014


                         Satellite_1222_0307                         
---------------------------------------------------------------------
1 99999U          21305.00000000 -.00000403  00000-0 -15720-3 0 00006
2 99999 029.1197 059.9125 0005089 266.0679 194.9519 14.28715294000017


                         Satellite_1222_0308                         
---------------------------------------------------------------------
1 99999U          21305.00000000 -.00000479  00000-0 -18689-3 0 00006
2 99999 029.1197 059.9124 0005070 266.1151 211.2682 14.28715408000013


                         Satellite_1222_0309                         
---------------------------------------------------------------------
1 99999U          21305.00000000 -.00000536  00000-0 -20924-3 0 00005
2 99999 029.1197 059.9123 0005050 266.0960 227.6509 14.28715512000012


                         Satellite_1222_0310                         
---------------------------------------------------------------------
1 99999U          21305.00000000 -.00000556  00000-0 -21716-3 0 00007
2 99999 029.1197 059.9123 0005032 266.0148 244.0957 14.28715582000017


                         Satellite_1222_0311                         
---------------------------------------------------------------------
1 99999U          21305.00000000 -.00000526  00000-0 -20523-3 0 00009
2 99999 029.1198 059.9123 0005017 265.8820 260.5921 14.28715599000017


                         Satellite_1222_0312                         
---------------------------------------------------------------------
1 99999U          21305.00000000 -.00000440  00000-0 -17183-3 0 00002
2 99999 029.1198 059.9123 0005007 265.7117 277.1261 14.28715554000016


                         Satellite_1222_0313                         
---------------------------------------------------------------------
1 99999U          21305.00000000 -.00000309  00000-0 -12073-3 0 00009
2 99999 029.1198 059.9123 0005001 265.5185 293.6829 14.28715449000019


                         Satellite_1222_0314                         
---------------------------------------------------------------------
1 99999U          21305.00000000 -.00000155  00000-0 -60520-4 0 00009
2 99999 029.1198 059.9124 0004999 265.3156 310.2494 14.28715303000014


                         Satellite_1222_0315                         
---------------------------------------------------------------------
1 99999U          21305.00000000 -.00000005  00000-0 -20453-5 0 00005
2 99999 029.1198 059.9124 0005002 265.1146 326.8142 14.28715142000011


                         Satellite_1222_0316                         
---------------------------------------------------------------------
1 99999U          21305.00000000  .00000115  00000-0  44799-4 0 00003
2 99999 029.1198 059.9125 0005009 264.9269 343.3656 14.28714993000019


                         Satellite_1222_0317                         
---------------------------------------------------------------------
1 99999U          21305.00000000  .00000188  00000-0  73302-4 0 00005
2 99999 029.1198 059.9125 0005021 264.7656 359.8907 14.28714878000014


                         Satellite_1222_0318                         
---------------------------------------------------------------------
1 99999U          21305.00000000  .00000207  00000-0  80978-4 0 00004
2 99999 029.1197 059.9125 0005037 264.6453 016.3748 14.28714810000018


                         Satellite_1222_0319                         
---------------------------------------------------------------------
1 99999U          21305.00000000  .00000179  00000-0  69692-4 0 00002
2 99999 029.1197 059.9124 0005055 264.5795 032.8043 14.28714790000013


                         Satellite_1222_0320                         
---------------------------------------------------------------------
1 99999U          21305.00000000  .00000115  00000-0  44865-4 0 00007
2 99999 029.1197 059.9123 0005075 264.5777 049.1698 14.28714809000012


                         Satellite_1222_0321                         
---------------------------------------------------------------------
1 99999U          21305.00000000  .00000035  00000-0  13837-4 0 00003
2 99999 029.1197 059.9123 0005094 264.6421 065.4691 14.28714852000012


                         Satellite_1222_0322                         
---------------------------------------------------------------------
1 99999U          21305.00000000 -.00000041  00000-0 -16120-4 0 00000
2 99999 029.1198 059.9123 0005111 264.7674 081.7074 14.28714902000016


                         Satellite_1222_0401                         
---------------------------------------------------------------------
1 99999U          21305.00000000 -.00000107  00000-0 -41724-4 0 00001
2 99999 029.1365 089.8050 0005128 264.9621 099.3627 14.28714265000016


                         Satellite_1222_0402                         
---------------------------------------------------------------------
1 99999U          21305.00000000 -.00000148  00000-0 -57855-4 0 00008
2 99999 029.1365 089.8051 0005135 265.1717 115.5167 14.28714297000019


                         Satellite_1222_0403                         
---------------------------------------------------------------------
1 99999U          21305.00000000 -.00000180  00000-0 -70269-4 0 00008
2 99999 029.1365 089.8051 0005136 265.3952 131.6568 14.28714327000011


                         Satellite_1222_0404                         
---------------------------------------------------------------------
1 99999U          21305.00000000 -.00000216  00000-0 -84121-4 0 00000
2 99999 029.1365 089.8052 0005132 265.6148 147.8007 14.28714367000019


                         Satellite_1222_0405                         
---------------------------------------------------------------------
1 99999U          21305.00000000 -.00000265  00000-0 -10351-3 0 00007
2 99999 029.1365 089.8052 0005123 265.8125 163.9665 14.28714427000012


                         Satellite_1222_0406                         
---------------------------------------------------------------------
1 99999U          21305.00000000 -.00000332  00000-0 -12957-3 0 00006
2 99999 029.1364 089.8052 0005108 265.9713 180.1713 14.28714514000010


                         Satellite_1222_0407                         
---------------------------------------------------------------------
1 99999U          21305.00000000 -.00000410  00000-0 -15993-3 0 00006
2 99999 029.1364 089.8052 0005090 266.0762 196.4300 14.28714621000017


                         Satellite_1222_0408                         
---------------------------------------------------------------------
1 99999U          21305.00000000 -.00000485  00000-0 -18928-3 0 00009
2 99999 029.1364 089.8051 0005071 266.1174 212.7523 14.28714735000018


                         Satellite_1222_0409                         
---------------------------------------------------------------------
1 99999U          21305.00000000 -.00000540  00000-0 -21063-3 0 00005
2 99999 029.1364 089.8051 0005051 266.0924 229.1409 14.28714836000015


                         Satellite_1222_0410                         
---------------------------------------------------------------------
1 99999U          21305.00000000 -.00000556  00000-0 -21695-3 0 00003
2 99999 029.1364 089.8050 0005033 266.0060 245.5908 14.28714902000015


                         Satellite_1222_0411                         
---------------------------------------------------------------------
1 99999U          21305.00000000 -.00000520  00000-0 -20307-3 0 00003
2 99999 029.1365 089.8050 0005019 265.8694 262.0911 14.28714914000011


                         Satellite_1222_0412                         
---------------------------------------------------------------------
1 99999U          21305.00000000 -.00000430  00000-0 -16782-3 0 00005
2 99999 029.1365 089.8050 0005009 265.6966 278.6274 14.28714863000018


                         Satellite_1222_0413                         
---------------------------------------------------------------------
1 99999U          21305.00000000 -.00000296  00000-0 -11545-3 0 00007
2 99999 029.1365 089.8051 0005003 265.5023 295.1854 14.28714754000013


                         Satellite_1222_0414                         
---------------------------------------------------------------------
1 99999U          21305.00000000 -.00000141  00000-0 -54906-4 0 00005
2 99999 029.1365 089.8051 0005002 265.2993 311.7520 14.28714605000015


                         Satellite_1222_0415                         
---------------------------------------------------------------------
1 99999U          21305.00000000  .00000007  00000-0  29197-5 0 00009
2 99999 029.1365 089.8052 0005005 265.0993 328.3159 14.28714444000010


                         Satellite_1222_0416                         
---------------------------------------------------------------------
1 99999U          21305.00000000  .00000124  00000-0  48342-4 0 00001
2 99999 029.1365 089.8052 0005013 264.9136 344.8653 14.28714297000014


                         Satellite_1222_0417                         
---------------------------------------------------------------------
1 99999U          21305.00000000  .00000192  00000-0  74999-4 0 00003
2 99999 029.1364 089.8052 0005025 264.7556 001.3870 14.28714186000013


                         Satellite_1222_0418                         
---------------------------------------------------------------------
1 99999U          21305.00000000  .00000207  00000-0  80807-4 0 00005
2 99999 029.1364 089.8052 0005041 264.6398 017.8666 14.28714122000019


                         Satellite_1222_0419                         
---------------------------------------------------------------------
1 99999U          21305.00000000  .00000174  00000-0  68005-4 0 00004
2 99999 029.1364 089.8051 0005060 264.5796 034.2905 14.28714106000011


                         Satellite_1222_0420                         
---------------------------------------------------------------------
1 99999U          21305.00000000  .00000108  00000-0  42271-4 0 00008
2 99999 029.1364 089.8051 0005080 264.5838 050.6501 14.28714128000018


                         Satellite_1222_0421                         
---------------------------------------------------------------------
1 99999U          21305.00000000  .00000028  00000-0  11032-4 0 00000
2 99999 029.1364 089.8050 0005099 264.6539 066.9436 14.28714173000013


                         Satellite_1222_0422                         
---------------------------------------------------------------------
1 99999U          21305.00000000 -.00000048  00000-0 -18544-4 0 00009
2 99999 029.1365 089.8050 0005115 264.7841 083.1770 14.28714222000017


                         Satellite_1222_0501                         
---------------------------------------------------------------------
1 99999U          21305.00000000 -.00000111  00000-0 -43434-4 0 00006
2 99999 029.1212 119.6971 0005126 264.9780 100.8338 14.28714894000010


                         Satellite_1222_0502                         
---------------------------------------------------------------------
1 99999U          21305.00000000 -.00000151  00000-0 -59059-4 0 00000
2 99999 029.1212 119.6972 0005133 265.1898 116.9856 14.28714926000011


                         Satellite_1222_0503                         
---------------------------------------------------------------------
1 99999U          21305.00000000 -.00000183  00000-0 -71408-4 0 00007
2 99999 029.1212 119.6973 0005134 265.4139 133.1251 14.28714956000017


                         Satellite_1222_0504                         
---------------------------------------------------------------------
1 99999U          21305.00000000 -.00000219  00000-0 -85648-4 0 00008
2 99999 029.1212 119.6973 0005129 265.6324 149.2701 14.28714997000012


                         Satellite_1222_0505                         
---------------------------------------------------------------------
1 99999U          21305.00000000 -.00000271  00000-0 -10566-3 0 00002
2 99999 029.1212 119.6973 0005119 265.8275 165.4385 14.28715060000018


                         Satellite_1222_0506                         
---------------------------------------------------------------------
1 99999U          21305.00000000 -.00000339  00000-0 -13225-3 0 00002
2 99999 029.1211 119.6973 0005104 265.9821 181.6475 14.28715149000017


                         Satellite_1222_0507                         
---------------------------------------------------------------------
1 99999U          21305.00000000 -.00000417  00000-0 -16276-3 0 00008
2 99999 029.1211 119.6973 0005086 266.0816 197.9116 14.28715257000014


                         Satellite_1222_0508                         
---------------------------------------------------------------------
1 99999U          21305.00000000 -.00000491  00000-0 -19165-3 0 00000
2 99999 029.1211 119.6972 0005066 266.1168 214.2399 14.28715371000015


                         Satellite_1222_0509                         
---------------------------------------------------------------------
1 99999U          21305.00000000 -.00000543  00000-0 -21189-3 0 00007
2 99999 029.1211 119.6972 0005047 266.0859 230.6344 14.28715470000012


                         Satellite_1222_0510                         
---------------------------------------------------------------------
1 99999U          21305.00000000 -.00000555  00000-0 -21653-3 0 00006
2 99999 029.1211 119.6971 0005030 265.9944 247.0895 14.28715531000017


                         Satellite_1222_0511                         
---------------------------------------------------------------------
1 99999U          21305.00000000 -.00000514  00000-0 -20066-3 0 00008
2 99999 029.1212 119.6971 0005015 265.8537 263.5938 14.28715538000016


                         Satellite_1222_0512                         
---------------------------------------------------------------------
1 99999U          21305.00000000 -.00000419  00000-0 -16360-3 0 00004
2 99999 029.1212 119.6971 0005005 265.6782 280.1329 14.28715481000011


                         Satellite_1222_0513                         
---------------------------------------------------------------------
1 99999U          21305.00000000 -.00000282  00000-0 -11009-3 0 00007
2 99999 029.1212 119.6972 0005000 265.4823 296.6924 14.28715367000017


                         Satellite_1222_0514                         
---------------------------------------------------------------------
1 99999U          21305.00000000 -.00000126  00000-0 -49366-4 0 00002
2 99999 029.1212 119.6973 0004999 265.2790 313.2595 14.28715216000018


                         Satellite_1222_0515                         
---------------------------------------------------------------------
1 99999U          21305.00000000  .00000020  00000-0  76645-5 0 00004
2 99999 029.1212 119.6973 0005003 265.0795 329.8227 14.28715055000014


                         Satellite_1222_0516                         
---------------------------------------------------------------------
1 99999U          21305.00000000  .00000132  00000-0  51564-4 0 00000
2 99999 029.1212 119.6973 0005011 264.8956 346.3703 14.28714911000012


                         Satellite_1222_0517                         
---------------------------------------------------------------------
1 99999U          21305.00000000  .00000196  00000-0  76338-4 0 00006
2 99999 029.1211 119.6973 0005024 264.7406 002.8890 14.28714804000016


                         Satellite_1222_0518                         
---------------------------------------------------------------------
1 99999U          21305.00000000  .00000206  00000-0  80307-4 0 00009
2 99999 029.1211 119.6973 0005040 264.6293 019.3641 14.28714745000018


                         Satellite_1222_0519                         
---------------------------------------------------------------------
1 99999U          21305.00000000  .00000169  00000-0  66073-4 0 00001
2 99999 029.1211 119.6972 0005059 264.5747 035.7825 14.28714733000013


                         Satellite_1222_0520                         
---------------------------------------------------------------------
1 99999U          21305.00000000  .00000101  00000-0  39542-4 0 00008
2 99999 029.1211 119.6972 0005079 264.5849 052.1360 14.28714758000012


                         Satellite_1222_0521                         
---------------------------------------------------------------------
1 99999U          21305.00000000  .00000021  00000-0  81975-5 0 00007
2 99999 029.1211 119.6971 0005098 264.6610 068.4236 14.28714803000012


                         Satellite_1222_0522                         
---------------------------------------------------------------------
1 99999U          21305.00000000 -.00000054  00000-0 -20930-4 0 00008
2 99999 029.1212 119.6971 0005114 264.7963 084.6520 14.28714852000014


                         Satellite_1222_0601                         
---------------------------------------------------------------------
1 99999U          21305.00000000 -.00000115  00000-0 -45080-4 0 00009
2 99999 029.0780 149.6172 0005120 264.9898 102.2771 14.28716665000014


                         Satellite_1222_0602                         
---------------------------------------------------------------------
1 99999U          21305.00000000 -.00000154  00000-0 -60267-4 0 00006
2 99999 029.0780 149.6173 0005126 265.2040 118.4264 14.28716696000014


                         Satellite_1222_0603                         
---------------------------------------------------------------------
1 99999U          21305.00000000 -.00000186  00000-0 -72633-4 0 00001
2 99999 029.0780 149.6173 0005127 265.4290 134.5650 14.28716727000017


                         Satellite_1222_0604                         
---------------------------------------------------------------------
1 99999U          21305.00000000 -.00000224  00000-0 -87314-4 0 00006
2 99999 029.0780 149.6174 0005122 265.6468 150.7108 14.28716770000018


                         Satellite_1222_0605                         
---------------------------------------------------------------------
1 99999U          21305.00000000 -.00000277  00000-0 -10795-3 0 00002
2 99999 029.0780 149.6174 0005111 265.8395 166.8816 14.28716835000013


                         Satellite_1222_0606                         
---------------------------------------------------------------------
1 99999U          21305.00000000 -.00000346  00000-0 -13503-3 0 00009
2 99999 029.0779 149.6174 0005096 265.9901 183.0946 14.28716926000013


                         Satellite_1222_0607                         
---------------------------------------------------------------------
1 99999U          21305.00000000 -.00000424  00000-0 -16560-3 0 00002
2 99999 029.0779 149.6174 0005078 266.0844 199.3638 14.28717035000011


                         Satellite_1222_0608                         
---------------------------------------------------------------------
1 99999U          21305.00000000 -.00000497  00000-0 -19395-3 0 00001
2 99999 029.0779 149.6173 0005058 266.1138 215.6980 14.28717149000013


                         Satellite_1222_0609                         
---------------------------------------------------------------------
1 99999U          21305.00000000 -.00000546  00000-0 -21299-3 0 00002
2 99999 029.0779 149.6173 0005038 266.0770 232.0983 14.28717245000015


                         Satellite_1222_0610                         
---------------------------------------------------------------------
1 99999U          21305.00000000 -.00000553  00000-0 -21589-3 0 00002
2 99999 029.0779 149.6172 0005021 265.9803 248.5586 14.28717302000016


                         Satellite_1222_0611                         
---------------------------------------------------------------------
1 99999U          21305.00000000 -.00000507  00000-0 -19807-3 0 00001
2 99999 029.0780 149.6172 0005007 265.8355 265.0670 14.28717303000012


                         Satellite_1222_0612                         
---------------------------------------------------------------------
1 99999U          21305.00000000 -.00000408  00000-0 -15931-3 0 00005
2 99999 029.0780 149.6172 0004998 265.6570 281.6091 14.28717240000018


                         Satellite_1222_0613                         
---------------------------------------------------------------------
1 99999U          21305.00000000 -.00000269  00000-0 -10480-3 0 00004
2 99999 029.0780 149.6173 0004993 265.4595 298.1703 14.28717123000012


                         Satellite_1222_0614                         
---------------------------------------------------------------------
1 99999U          21305.00000000 -.00000113  00000-0 -44051-4 0 00004
2 99999 029.0780 149.6173 0004992 265.2554 314.7381 14.28716970000010


                         Satellite_1222_0615                         
---------------------------------------------------------------------
1 99999U          21305.00000000  .00000031  00000-0  12072-4 0 00009
2 99999 029.0780 149.6174 0004997 265.0562 331.3010 14.28716810000010


                         Satellite_1222_0616                         
---------------------------------------------------------------------
1 99999U          21305.00000000  .00000139  00000-0  54397-4 0 00004
2 99999 029.0780 149.6174 0005005 264.8737 347.8472 14.28716669000018


                         Satellite_1222_0617                         
---------------------------------------------------------------------
1 99999U          21305.00000000  .00000198  00000-0  77306-4 0 00004
2 99999 029.0779 149.6174 0005018 264.7217 004.3630 14.28716566000019


                         Satellite_1222_0618                         
---------------------------------------------------------------------
1 99999U          21305.00000000  .00000204  00000-0  79515-4 0 00006
2 99999 029.0779 149.6174 0005035 264.6147 020.8338 14.28716510000016


                         Satellite_1222_0619                         
---------------------------------------------------------------------
1 99999U          21305.00000000  .00000164  00000-0  63964-4 0 00002
2 99999 029.0779 149.6173 0005054 264.5655 037.2467 14.28716502000015


                         Satellite_1222_0620                         
---------------------------------------------------------------------
1 99999U          21305.00000000  .00000094  00000-0  36758-4 0 00005
2 99999 029.0779 149.6173 0005074 264.5818 053.5942 14.28716529000016


                         Satellite_1222_0621                         
---------------------------------------------------------------------
1 99999U          21305.00000000  .00000014  00000-0  54037-5 0 00008
2 99999 029.0779 149.6172 0005093 264.6638 069.8759 14.28716575000014


                         Satellite_1222_0622                         
---------------------------------------------------------------------
1 99999U          21305.00000000 -.00000060  00000-0 -23232-4 0 00003
2 99999 029.0780 149.6172 0005108 264.8042 086.0991 14.28716624000018


                         Satellite_1222_0701                         
---------------------------------------------------------------------
1 99999U          21305.00000000 -.00000120  00000-0 -46642-4 0 00000
2 99999 029.0184 179.5867 0005111 264.9989 103.6665 14.28719105000015


                         Satellite_1222_0702                         
---------------------------------------------------------------------
1 99999U          21305.00000000 -.00000157  00000-0 -61459-4 0 00003
2 99999 029.0184 179.5867 0005117 265.2156 119.8134 14.28719136000015


                         Satellite_1222_0703                         
---------------------------------------------------------------------
1 99999U          21305.00000000 -.00000189  00000-0 -73904-4 0 00006
2 99999 029.0184 179.5868 0005117 265.4415 135.9510 14.28719168000018


                         Satellite_1222_0704                         
---------------------------------------------------------------------
1 99999U          21305.00000000 -.00000228  00000-0 -89052-4 0 00001
2 99999 029.0184 179.5868 0005112 265.6587 152.0974 14.28719213000010


                         Satellite_1222_0705                         
---------------------------------------------------------------------
1 99999U          21305.00000000 -.00000283  00000-0 -11029-3 0 00000
2 99999 029.0183 179.5869 0005101 265.8491 168.2705 14.28719280000019


                         Satellite_1222_0706                         
---------------------------------------------------------------------
1 99999U          21305.00000000 -.00000353  00000-0 -13781-3 0 00005
2 99999 029.0183 179.5869 0005085 265.9959 184.4872 14.28719373000018


                         Satellite_1222_0707                         
---------------------------------------------------------------------
1 99999U          21305.00000000 -.00000431  00000-0 -16837-3 0 00007
2 99999 029.0183 179.5868 0005067 266.0852 200.7615 14.28719483000010


                         Satellite_1222_0708                         
---------------------------------------------------------------------
1 99999U          21305.00000000 -.00000502  00000-0 -19610-3 0 00008
2 99999 029.0183 179.5868 0005047 266.1090 217.1013 14.28719595000011


                         Satellite_1222_0709                         
---------------------------------------------------------------------
1 99999U          21305.00000000 -.00000548  00000-0 -21391-3 0 00007
2 99999 029.0183 179.5867 0005027 266.0666 233.5073 14.28719689000018


                         Satellite_1222_0710                         
---------------------------------------------------------------------
1 99999U          21305.00000000 -.00000551  00000-0 -21510-3 0 00004
2 99999 029.0183 179.5867 0005010 265.9648 249.9726 14.28719742000014


                         Satellite_1222_0711                         
---------------------------------------------------------------------
1 99999U          21305.00000000 -.00000501  00000-0 -19540-3 0 00009
2 99999 029.0183 179.5867 0004997 265.8160 266.4850 14.28719737000011


                         Satellite_1222_0712                         
---------------------------------------------------------------------
1 99999U          21305.00000000 -.00000397  00000-0 -15506-3 0 00000
2 99999 029.0184 179.5867 0004988 265.6346 283.0300 14.28719669000015


                         Satellite_1222_0713                         
---------------------------------------------------------------------
1 99999U          21305.00000000 -.00000255  00000-0 -99700-4 0 00002
2 99999 029.0184 179.5867 0004983 265.4352 299.5931 14.28719548000013


                         Satellite_1222_0714                         
---------------------------------------------------------------------
1 99999U          21305.00000000 -.00000100  00000-0 -39052-4 0 00005
2 99999 029.0184 179.5868 0004983 265.2302 316.1618 14.28719394000014


                         Satellite_1222_0715                         
---------------------------------------------------------------------
1 99999U          21305.00000000  .00000041  00000-0  16096-4 0 00000
2 99999 029.0184 179.5868 0004988 265.0311 332.7246 14.28719235000012


                         Satellite_1222_0716                         
---------------------------------------------------------------------
1 99999U          21305.00000000  .00000146  00000-0  56849-4 0 00006
2 99999 029.0183 179.5869 0004997 264.8500 349.2695 14.28719096000015


                         Satellite_1222_0717                         
---------------------------------------------------------------------
1 99999U          21305.00000000  .00000200  00000-0  77956-4 0 00009
2 99999 029.0183 179.5869 0005010 264.7007 005.7826 14.28718997000012


                         Satellite_1222_0718                         
---------------------------------------------------------------------
1 99999U          21305.00000000  .00000201  00000-0  78513-4 0 00000
2 99999 029.0183 179.5868 0005027 264.5978 022.2492 14.28718946000011


                         Satellite_1222_0719                         
---------------------------------------------------------------------
1 99999U          21305.00000000  .00000158  00000-0  61770-4 0 00008
2 99999 029.0183 179.5868 0005046 264.5540 038.6568 14.28718941000017


                         Satellite_1222_0720                         
---------------------------------------------------------------------
1 99999U          21305.00000000  .00000087  00000-0  34000-4 0 00005
2 99999 029.0183 179.5867 0005066 264.5761 054.9983 14.28718970000017


                         Satellite_1222_0721                         
---------------------------------------------------------------------
1 99999U          21305.00000000  .00000007  00000-0  27110-5 0 00002
2 99999 029.0183 179.5867 0005085 264.6639 071.2742 14.28719017000011


                         Satellite_1222_0722                         
---------------------------------------------------------------------
1 99999U          21305.00000000 -.00000065  00000-0 -25415-4 0 00003
2 99999 029.0183 179.5867 0005100 264.8094 087.4924 14.28719066000011


                         Satellite_1222_0801                         
---------------------------------------------------------------------
1 99999U          21305.00000000 -.00000123  00000-0 -48110-4 0 00005
2 99999 028.9582 209.6140 0005103 265.0074 104.9904 14.28721563000013


                         Satellite_1222_0802                         
---------------------------------------------------------------------
1 99999U          21305.00000000 -.00000160  00000-0 -62610-4 0 00007
2 99999 028.9583 209.6140 0005108 265.2263 121.1350 14.28721593000010


                         Satellite_1222_0803                         
---------------------------------------------------------------------
1 99999U          21305.00000000 -.00000193  00000-0 -75169-4 0 00006
2 99999 028.9583 209.6141 0005108 265.4531 137.2718 14.28721626000014


                         Satellite_1222_0804                         
---------------------------------------------------------------------
1 99999U          21305.00000000 -.00000233  00000-0 -90784-4 0 00001
2 99999 028.9582 209.6141 0005101 265.6696 153.4189 14.28721672000013


                         Satellite_1222_0805                         
---------------------------------------------------------------------
1 99999U          21305.00000000 -.00000289  00000-0 -11260-3 0 00003
2 99999 028.9582 209.6142 0005090 265.8578 169.5942 14.28721742000015


                         Satellite_1222_0806                         
---------------------------------------------------------------------
1 99999U          21305.00000000 -.00000360  00000-0 -14049-3 0 00001
2 99999 028.9582 209.6142 0005074 266.0009 185.8146 14.28721836000010


                         Satellite_1222_0807                         
---------------------------------------------------------------------
1 99999U          21305.00000000 -.00000438  00000-0 -17099-3 0 00005
2 99999 028.9582 209.6141 0005055 266.0854 202.0937 14.28721947000019


                         Satellite_1222_0808                         
---------------------------------------------------------------------
1 99999U          21305.00000000 -.00000508  00000-0 -19808-3 0 00003
2 99999 028.9582 209.6141 0005035 266.1037 218.4389 14.28722059000018


                         Satellite_1222_0809                         
---------------------------------------------------------------------
1 99999U          21305.00000000 -.00000550  00000-0 -21467-3 0 00004
2 99999 028.9582 209.6140 0005016 266.0559 234.8503 14.28722149000014


                         Satellite_1222_0810                         
---------------------------------------------------------------------
1 99999U          21305.00000000 -.00000549  00000-0 -21420-3 0 00001
2 99999 028.9582 209.6140 0004999 265.9494 251.3204 14.28722198000015


                         Satellite_1222_0811                         
---------------------------------------------------------------------
1 99999U          21305.00000000 -.00000494  00000-0 -19273-3 0 00003
2 99999 028.9582 209.6140 0004986 265.7967 267.8366 14.28722188000014


                         Satellite_1222_0812                         
---------------------------------------------------------------------
1 99999U          21305.00000000 -.00000387  00000-0 -15093-3 0 00000
2 99999 028.9582 209.6140 0004977 265.6126 284.3844 14.28722115000015


                         Satellite_1222_0813                         
---------------------------------------------------------------------
1 99999U          21305.00000000 -.00000243  00000-0 -94846-4 0 00005
2 99999 028.9583 209.6140 0004973 265.4114 300.9493 14.28721990000012


                         Satellite_1222_0814                         
---------------------------------------------------------------------
1 99999U          21305.00000000 -.00000088  00000-0 -34377-4 0 00005
2 99999 028.9583 209.6141 0004974 265.2056 317.5187 14.28721835000019


                         Satellite_1222_0815                         
---------------------------------------------------------------------
1 99999U          21305.00000000  .00000051  00000-0  19778-4 0 00001
2 99999 028.9582 209.6141 0004979 265.0067 334.0814 14.28721677000018


                         Satellite_1222_0816                         
---------------------------------------------------------------------
1 99999U          21305.00000000  .00000151  00000-0  59001-4 0 00005
2 99999 028.9582 209.6142 0004988 264.8269 350.6249 14.28721541000016


                         Satellite_1222_0817                         
---------------------------------------------------------------------
1 99999U          21305.00000000  .00000201  00000-0  78394-4 0 00007
2 99999 028.9582 209.6142 0005002 264.6803 007.1353 14.28721446000010


                         Satellite_1222_0818                         
---------------------------------------------------------------------
1 99999U          21305.00000000  .00000198  00000-0  77409-4 0 00008
2 99999 028.9582 209.6141 0005019 264.5816 023.5978 14.28721399000012


                         Satellite_1222_0819                         
---------------------------------------------------------------------
1 99999U          21305.00000000  .00000153  00000-0  59584-4 0 00003
2 99999 028.9582 209.6141 0005038 264.5428 040.0003 14.28721397000013


                         Satellite_1222_0820                         
---------------------------------------------------------------------
1 99999U          21305.00000000  .00000080  00000-0  31336-4 0 00007
2 99999 028.9582 209.6140 0005058 264.5707 056.3362 14.28721428000017


                         Satellite_1222_0821                         
---------------------------------------------------------------------
1 99999U          21305.00000000  .00000000  00000-0  15535-6 0 00004
2 99999 028.9582 209.6140 0005077 264.6639 072.6066 14.28721476000018


                         Satellite_1222_0822                         
---------------------------------------------------------------------
1 99999U          21305.00000000 -.00000070  00000-0 -27462-4 0 00003
2 99999 028.9582 209.6140 0005092 264.8142 088.8199 14.28721524000016


                         Satellite_1222_0901                         
---------------------------------------------------------------------
1 99999U          21305.00000000 -.00000127  00000-0 -49483-4 0 00003
2 99999 028.9138 239.6921 0005096 265.0175 106.2545 14.28723378000015


                         Satellite_1222_0902                         
---------------------------------------------------------------------
1 99999U          21305.00000000 -.00000163  00000-0 -63698-4 0 00007
2 99999 028.9138 239.6922 0005101 265.2384 122.3972 14.28723409000015


                         Satellite_1222_0903                         
---------------------------------------------------------------------
1 99999U          21305.00000000 -.00000196  00000-0 -76381-4 0 00006
2 99999 028.9138 239.6922 0005100 265.4656 138.5335 14.28723442000017


                         Satellite_1222_0904                         
---------------------------------------------------------------------
1 99999U          21305.00000000 -.00000237  00000-0 -92444-4 0 00000
2 99999 028.9138 239.6923 0005094 265.6812 154.6815 14.28723490000011


                         Satellite_1222_0905                         
---------------------------------------------------------------------
1 99999U          21305.00000000 -.00000294  00000-0 -11479-3 0 00001
2 99999 028.9138 239.6923 0005082 265.8669 170.8593 14.28723562000013


                         Satellite_1222_0906                         
---------------------------------------------------------------------
1 99999U          21305.00000000 -.00000367  00000-0 -14303-3 0 00001
2 99999 028.9137 239.6923 0005066 266.0063 187.0835 14.28723658000010


                         Satellite_1222_0907                         
---------------------------------------------------------------------
1 99999U          21305.00000000 -.00000444  00000-0 -17344-3 0 00005
2 99999 028.9137 239.6923 0005047 266.0860 203.3673 14.28723770000011


                         Satellite_1222_0908                         
---------------------------------------------------------------------
1 99999U          21305.00000000 -.00000512  00000-0 -19990-3 0 00000
2 99999 028.9137 239.6922 0005027 266.0991 219.7178 14.28723880000016


                         Satellite_1222_0909                         
---------------------------------------------------------------------
1 99999U          21305.00000000 -.00000552  00000-0 -21529-3 0 00005
2 99999 028.9137 239.6921 0005008 266.0463 236.1342 14.28723968000011


                         Satellite_1222_0910                         
---------------------------------------------------------------------
1 99999U          21305.00000000 -.00000546  00000-0 -21324-3 0 00001
2 99999 028.9137 239.6921 0004991 265.9353 252.6087 14.28724012000017


                         Satellite_1222_0911                         
---------------------------------------------------------------------
1 99999U          21305.00000000 -.00000487  00000-0 -19009-3 0 00002
2 99999 028.9138 239.6921 0004978 265.7792 269.1285 14.28723997000012


                         Satellite_1222_0912                         
---------------------------------------------------------------------
1 99999U          21305.00000000 -.00000377  00000-0 -14694-3 0 00005
2 99999 028.9138 239.6921 0004970 265.5927 285.6786 14.28723920000017


                         Satellite_1222_0913                         
---------------------------------------------------------------------
1 99999U          21305.00000000 -.00000231  00000-0 -90205-4 0 00007
2 99999 028.9138 239.6922 0004966 265.3901 302.2449 14.28723792000012


                         Satellite_1222_0914                         
---------------------------------------------------------------------
1 99999U          21305.00000000 -.00000077  00000-0 -29949-4 0 00002
2 99999 028.9138 239.6922 0004967 265.1838 318.8149 14.28723636000017


                         Satellite_1222_0915                         
---------------------------------------------------------------------
1 99999U          21305.00000000  .00000060  00000-0  23229-4 0 00007
2 99999 028.9138 239.6923 0004972 264.9853 335.3772 14.28723479000019


                         Satellite_1222_0916                         
---------------------------------------------------------------------
1 99999U          21305.00000000  .00000156  00000-0  60980-4 0 00008
2 99999 028.9138 239.6923 0004982 264.8070 351.9192 14.28723346000013


                         Satellite_1222_0917                         
---------------------------------------------------------------------
1 99999U          21305.00000000  .00000202  00000-0  78741-4 0 00004
2 99999 028.9137 239.6923 0004996 264.6632 008.4267 14.28723255000015


                         Satellite_1222_0918                         
---------------------------------------------------------------------
1 99999U          21305.00000000  .00000196  00000-0  76303-4 0 00008
2 99999 028.9137 239.6923 0005013 264.5685 024.8851 14.28723211000016


                         Satellite_1222_0919                         
---------------------------------------------------------------------
1 99999U          21305.00000000  .00000147  00000-0  57470-4 0 00008
2 99999 028.9137 239.6922 0005033 264.5348 041.2826 14.28723212000019


                         Satellite_1222_0920                         
---------------------------------------------------------------------
1 99999U          21305.00000000  .00000074  00000-0  28793-4 0 00003
2 99999 028.9137 239.6921 0005053 264.5680 057.6131 14.28723245000015


                         Satellite_1222_0921                         
---------------------------------------------------------------------
1 99999U          21305.00000000 -.00000006  00000-0 -22606-5 0 00008
2 99999 028.9137 239.6921 0005071 264.6665 073.8783 14.28723293000015


                         Satellite_1222_0922                         
---------------------------------------------------------------------
1 99999U          21305.00000000 -.00000075  00000-0 -29383-4 0 00002
2 99999 028.9138 239.6921 0005086 264.8211 090.0873 14.28723340000015


                         Satellite_1222_1001                         
---------------------------------------------------------------------
1 99999U          21305.00000000 -.00000130  00000-0 -50773-4 0 00001
2 99999 028.8970 269.8002 0005094 265.0312 107.4810 14.28724066000017


                         Satellite_1222_1002                         
---------------------------------------------------------------------
1 99999U          21305.00000000 -.00000166  00000-0 -64710-4 0 00006
2 99999 028.8970 269.8002 0005099 265.2534 123.6223 14.28724096000011


                         Satellite_1222_1003                         
---------------------------------------------------------------------
1 99999U          21305.00000000 -.00000199  00000-0 -77508-4 0 00001
2 99999 028.8970 269.8003 0005097 265.4807 139.7586 14.28724130000014


                         Satellite_1222_1004                         
---------------------------------------------------------------------
1 99999U          21305.00000000 -.00000241  00000-0 -93997-4 0 00009
2 99999 028.8970 269.8004 0005090 265.6948 155.9080 14.28724180000010


                         Satellite_1222_1005                         
---------------------------------------------------------------------
1 99999U          21305.00000000 -.00000299  00000-0 -11685-3 0 00005
2 99999 028.8969 269.8004 0005078 265.8778 172.0886 14.28724254000013


                         Satellite_1222_1006                         
---------------------------------------------------------------------
1 99999U          21305.00000000 -.00000373  00000-0 -14541-3 0 00002
2 99999 028.8969 269.8004 0005062 266.0132 188.3167 14.28724351000013


                         Satellite_1222_1007                         
---------------------------------------------------------------------
1 99999U          21305.00000000 -.00000450  00000-0 -17574-3 0 00007
2 99999 028.8969 269.8003 0005043 266.0881 204.6054 14.28724463000013


                         Satellite_1222_1008                         
---------------------------------------------------------------------
1 99999U          21305.00000000 -.00000517  00000-0 -20158-3 0 00003
2 99999 028.8969 269.8003 0005023 266.0961 220.9610 14.28724573000011


                         Satellite_1222_1009                         
---------------------------------------------------------------------
1 99999U          21305.00000000 -.00000553  00000-0 -21583-3 0 00006
2 99999 028.8969 269.8002 0005004 266.0384 237.3822 14.28724658000019


                         Satellite_1222_1010                         
---------------------------------------------------------------------
1 99999U          21305.00000000 -.00000544  00000-0 -21224-3 0 00008
2 99999 028.8969 269.8002 0004987 265.9235 253.8608 14.28724698000010


                         Satellite_1222_1011                         
---------------------------------------------------------------------
1 99999U          21305.00000000 -.00000480  00000-0 -18746-3 0 00002
2 99999 028.8970 269.8002 0004975 265.7643 270.3835 14.28724678000014


                         Satellite_1222_1012                         
---------------------------------------------------------------------
1 99999U          21305.00000000 -.00000367  00000-0 -14302-3 0 00000
2 99999 028.8970 269.8002 0004967 265.5759 286.9356 14.28724597000012


                         Satellite_1222_1013                         
---------------------------------------------------------------------
1 99999U          21305.00000000 -.00000220  00000-0 -85673-4 0 00008
2 99999 028.8970 269.8002 0004963 265.3723 303.5028 14.28724466000014


                         Satellite_1222_1014                         
---------------------------------------------------------------------
1 99999U          21305.00000000 -.00000066  00000-0 -25634-4 0 00007
2 99999 028.8970 269.8003 0004964 265.1659 320.0729 14.28724309000010


                         Satellite_1222_1015                         
---------------------------------------------------------------------
1 99999U          21305.00000000  .00000068  00000-0  26596-4 0 00005
2 99999 028.8970 269.8004 0004970 264.9683 336.6343 14.28724153000014


                         Satellite_1222_1016                         
---------------------------------------------------------------------
1 99999U          21305.00000000  .00000161  00000-0  62920-4 0 00000
2 99999 028.8969 269.8004 0004980 264.7920 353.1744 14.28724023000010


                         Satellite_1222_1017                         
---------------------------------------------------------------------
1 99999U          21305.00000000  .00000203  00000-0  79101-4 0 00006
2 99999 028.8969 269.8004 0004994 264.6512 009.6788 14.28723935000013


                         Satellite_1222_1018                         
---------------------------------------------------------------------
1 99999U          21305.00000000  .00000193  00000-0  75256-4 0 00001
2 99999 028.8969 269.8003 0005012 264.5607 026.1331 14.28723895000011


                         Satellite_1222_1019                         
---------------------------------------------------------------------
1 99999U          21305.00000000  .00000142  00000-0  55449-4 0 00007
2 99999 028.8969 269.8003 0005032 264.5320 042.5256 14.28723899000017


                         Satellite_1222_1020                         
---------------------------------------------------------------------
1 99999U          21305.00000000  .00000068  00000-0  26359-4 0 00002
2 99999 028.8969 269.8002 0005052 264.5704 058.8509 14.28723934000015


                         Satellite_1222_1021                         
---------------------------------------------------------------------
1 99999U          21305.00000000 -.00000012  00000-0 -45672-5 0 00003
2 99999 028.8969 269.8002 0005070 264.6736 075.1114 14.28723982000018


                         Satellite_1222_1022                         
---------------------------------------------------------------------
1 99999U          21305.00000000 -.00000080  00000-0 -31205-4 0 00004
2 99999 028.8970 269.8002 0005084 264.8321 091.3165 14.28724029000016


                         Satellite_1222_1101                         
---------------------------------------------------------------------
1 99999U          21305.00000000 -.00000133  00000-0 -51996-4 0 00002
2 99999 028.9124 299.9089 0005097 265.0495 108.7021 14.28723441000017


                         Satellite_1222_1102                         
---------------------------------------------------------------------
1 99999U          21305.00000000 -.00000168  00000-0 -65647-4 0 00008
2 99999 028.9124 299.9090 0005101 265.2725 124.8426 14.28723471000014


                         Satellite_1222_1103                         
---------------------------------------------------------------------
1 99999U          21305.00000000 -.00000201  00000-0 -78549-4 0 00001
2 99999 028.9124 299.9090 0005100 265.4992 140.9795 14.28723506000018


                         Satellite_1222_1104                         
---------------------------------------------------------------------
1 99999U          21305.00000000 -.00000245  00000-0 -95450-4 0 00009
2 99999 028.9124 299.9091 0005092 265.7113 157.1309 14.28723557000014


                         Satellite_1222_1105                         
---------------------------------------------------------------------
1 99999U          21305.00000000 -.00000304  00000-0 -11880-3 0 00009
2 99999 028.9123 299.9091 0005079 265.8911 173.3147 14.28723633000010


                         Satellite_1222_1106                         
---------------------------------------------------------------------
1 99999U          21305.00000000 -.00000378  00000-0 -14768-3 0 00008
2 99999 028.9123 299.9091 0005063 266.0222 189.5472 14.28723732000011


                         Satellite_1222_1107                         
---------------------------------------------------------------------
1 99999U          21305.00000000 -.00000456  00000-0 -17793-3 0 00006
2 99999 028.9123 299.9090 0005044 266.0921 205.8408 14.28723845000011


                         Satellite_1222_1108                         
---------------------------------------------------------------------
1 99999U          21305.00000000 -.00000521  00000-0 -20317-3 0 00005
2 99999 028.9123 299.9090 0005024 266.0950 222.2015 14.28723953000018


                         Satellite_1222_1109                         
---------------------------------------------------------------------
1 99999U          21305.00000000 -.00000554  00000-0 -21629-3 0 00008
2 99999 028.9123 299.9089 0005005 266.0326 238.6274 14.28724036000013


                         Satellite_1222_1110                         
---------------------------------------------------------------------
1 99999U          21305.00000000 -.00000541  00000-0 -21118-3 0 00007
2 99999 028.9123 299.9089 0004989 265.9139 255.1097 14.28724072000010


                         Satellite_1222_1111                         
---------------------------------------------------------------------
1 99999U          21305.00000000 -.00000474  00000-0 -18479-3 0 00008
2 99999 028.9124 299.9089 0004976 265.7522 271.6350 14.28724047000018


                         Satellite_1222_1112                         
---------------------------------------------------------------------
1 99999U          21305.00000000 -.00000356  00000-0 -13906-3 0 00007
2 99999 028.9124 299.9089 0004969 265.5624 288.1885 14.28723962000012


                         Satellite_1222_1113                         
---------------------------------------------------------------------
1 99999U          21305.00000000 -.00000208  00000-0 -81106-4 0 00001
2 99999 028.9124 299.9090 0004965 265.3584 304.7561 14.28723828000010


                         Satellite_1222_1114                         
---------------------------------------------------------------------
1 99999U          21305.00000000 -.00000055  00000-0 -21277-4 0 00004
2 99999 028.9124 299.9090 0004967 265.1525 321.3257 14.28723670000017


                         Satellite_1222_1115                         
---------------------------------------------------------------------
1 99999U          21305.00000000  .00000077  00000-0  30014-4 0 00005
2 99999 028.9124 299.9091 0004973 264.9562 337.8857 14.28723515000019


                         Satellite_1222_1116                         
---------------------------------------------------------------------
1 99999U          21305.00000000  .00000166  00000-0  64920-4 0 00007
2 99999 028.9123 299.9091 0004984 264.7822 354.4235 14.28723387000019


                         Satellite_1222_1117                         
---------------------------------------------------------------------
1 99999U          21305.00000000  .00000204  00000-0  79527-4 0 00009
2 99999 028.9123 299.9091 0004998 264.6450 010.9245 14.28723303000013


                         Satellite_1222_1118                         
---------------------------------------------------------------------
1 99999U          21305.00000000  .00000190  00000-0  74277-4 0 00000
2 99999 028.9123 299.9090 0005016 264.5589 027.3744 14.28723267000011


                         Satellite_1222_1119                         
---------------------------------------------------------------------
1 99999U          21305.00000000  .00000137  00000-0  53491-4 0 00006
2 99999 028.9123 299.9090 0005036 264.5351 043.7619 14.28723274000011


                         Satellite_1222_1120                         
---------------------------------------------------------------------
1 99999U          21305.00000000  .00000061  00000-0  23983-4 0 00005
2 99999 028.9123 299.9089 0005055 264.5785 060.0822 14.28723310000010


                         Satellite_1222_1121                         
---------------------------------------------------------------------
1 99999U          21305.00000000 -.00000017  00000-0 -68158-5 0 00002
2 99999 028.9123 299.9089 0005073 264.6862 076.3381 14.28723358000019


                         Satellite_1222_1122                         
---------------------------------------------------------------------
1 99999U          21305.00000000 -.00000084  00000-0 -32966-4 0 00003
2 99999 028.9124 299.9089 0005088 264.8482 092.5398 14.28723405000017


                         Satellite_1222_1201                         
---------------------------------------------------------------------
1 99999U          21305.00000000 -.00000136  00000-0 -53175-4 0 00006
2 99999 028.9558 329.9889 0005105 265.0721 109.9517 14.28721673000010


                         Satellite_1222_1202                         
---------------------------------------------------------------------
1 99999U          21305.00000000 -.00000170  00000-0 -66529-4 0 00001
2 99999 028.9558 329.9889 0005108 265.2954 126.0920 14.28721703000015


                         Satellite_1222_1203                         
---------------------------------------------------------------------
1 99999U          21305.00000000 -.00000204  00000-0 -79535-4 0 00000
2 99999 028.9558 329.9890 0005106 265.5209 142.2300 14.28721738000011


                         Satellite_1222_1204                         
---------------------------------------------------------------------
1 99999U          21305.00000000 -.00000248  00000-0 -96853-4 0 00000
2 99999 028.9558 329.9890 0005098 265.7307 158.3838 14.28721791000015


                         Satellite_1222_1205                         
---------------------------------------------------------------------
1 99999U          21305.00000000 -.00000309  00000-0 -12071-3 0 00007
2 99999 028.9558 329.9890 0005085 265.9067 174.5713 14.28721869000014


                         Satellite_1222_1206                         
---------------------------------------------------------------------
1 99999U          21305.00000000 -.00000384  00000-0 -14991-3 0 00003
2 99999 028.9557 329.9890 0005068 266.0331 190.8085 14.28721970000016


                         Satellite_1222_1207                         
---------------------------------------------------------------------
1 99999U          21305.00000000 -.00000461  00000-0 -18009-3 0 00003
2 99999 028.9557 329.9890 0005049 266.0977 207.1074 14.28722083000017


                         Satellite_1222_1208                         
---------------------------------------------------------------------
1 99999U          21305.00000000 -.00000525  00000-0 -20472-3 0 00001
2 99999 028.9557 329.9889 0005029 266.0954 223.4733 14.28722190000010


                         Satellite_1222_1209                         
---------------------------------------------------------------------
1 99999U          21305.00000000 -.00000555  00000-0 -21668-3 0 00002
2 99999 028.9557 329.9889 0005010 266.0285 239.9038 14.28722270000016


                         Satellite_1222_1210                         
---------------------------------------------------------------------
1 99999U          21305.00000000 -.00000538  00000-0 -21001-3 0 00004
2 99999 028.9558 329.9888 0004995 265.9063 256.3896 14.28722302000010


                         Satellite_1222_1211                         
---------------------------------------------------------------------
1 99999U          21305.00000000 -.00000466  00000-0 -18198-3 0 00007
2 99999 028.9558 329.9888 0004983 265.7423 272.9171 14.28722272000011


                         Satellite_1222_1212                         
---------------------------------------------------------------------
1 99999U          21305.00000000 -.00000346  00000-0 -13494-3 0 00008
2 99999 028.9558 329.9889 0004975 265.5515 289.4716 14.28722182000011


                         Satellite_1222_1213                         
---------------------------------------------------------------------
1 99999U          21305.00000000 -.00000196  00000-0 -76363-4 0 00006
2 99999 028.9558 329.9889 0004972 265.3476 306.0392 14.28722045000016


                         Satellite_1222_1214                         
---------------------------------------------------------------------
1 99999U          21305.00000000 -.00000043  00000-0 -16757-4 0 00008
2 99999 028.9558 329.9890 0004974 265.1426 322.6078 14.28721886000010


                         Satellite_1222_1215                         
---------------------------------------------------------------------
1 99999U          21305.00000000  .00000086  00000-0  33569-4 0 00003
2 99999 028.9558 329.9890 0004981 264.9482 339.1660 14.28721732000017


                         Satellite_1222_1216                         
---------------------------------------------------------------------
1 99999U          21305.00000000  .00000172  00000-0  67022-4 0 00000
2 99999 028.9558 329.9890 0004992 264.7770 355.7010 14.28721608000012


                         Satellite_1222_1217                         
---------------------------------------------------------------------
1 99999U          21305.00000000  .00000205  00000-0  80012-4 0 00001
2 99999 028.9557 329.9890 0005006 264.6435 012.1982 14.28721527000017


                         Satellite_1222_1218                         
---------------------------------------------------------------------
1 99999U          21305.00000000  .00000188  00000-0  73318-4 0 00002
2 99999 028.9557 329.9890 0005024 264.5621 028.6434 14.28721495000011


                         Satellite_1222_1219                         
---------------------------------------------------------------------
1 99999U          21305.00000000  .00000132  00000-0  51529-4 0 00001
2 99999 028.9557 329.9889 0005044 264.5435 045.0257 14.28721504000011


                         Satellite_1222_1220                         
---------------------------------------------------------------------
1 99999U          21305.00000000  .00000055  00000-0  21598-4 0 00008
2 99999 028.9557 329.9889 0005064 264.5919 061.3410 14.28721542000014


                         Satellite_1222_1221                         
---------------------------------------------------------------------
1 99999U          21305.00000000 -.00000023  00000-0 -90629-5 0 00007
2 99999 028.9558 329.9888 0005081 264.7039 077.5927 14.28721591000014


                         Satellite_1222_1222                         
---------------------------------------------------------------------
1 99999U          21305.00000000 -.00000089  00000-0 -34704-4 0 00000
2 99999 028.9558 329.9888 0005095 264.8691 093.7911 14.28721637000018
